MFEM mesh v1.0

#
# MFEM Geometry Types (see fem/geom.hpp):
#
# POINT       = 0
# SEGMENT     = 1
# TRIANGLE    = 2
# SQUARE      = 3
# TETRAHEDRON = 4
# CUBE        = 5
# PRISM       = 6
#

dimension
2

elements
80
1 3 8 31 81 34
1 3 31 1 32 81
1 3 81 32 9 33
1 3 34 81 33 24
1 3 24 33 82 37
1 3 33 9 35 82
1 3 82 35 3 36
1 3 37 82 36 10
1 3 10 36 83 40
1 3 36 3 38 83
1 3 83 38 11 39
1 3 40 83 39 25
1 3 25 39 84 43
1 3 39 11 41 84
1 3 84 41 2 42
1 3 43 84 42 12
1 3 4 44 85 47
1 3 44 13 45 85
1 3 85 45 26 46
1 3 47 85 46 16
1 3 16 46 86 50
1 3 46 26 48 86
1 3 86 48 15 49
1 3 50 86 49 0
1 3 1 51 87 32
1 3 51 14 52 87
1 3 87 52 27 53
1 3 32 87 53 9
1 3 14 54 88 52
1 3 54 4 55 88
1 3 88 55 17 56
1 3 52 88 56 27
1 3 27 56 89 59
1 3 56 17 57 89
1 3 89 57 7 58
1 3 59 89 58 18
1 3 9 53 90 35
1 3 53 27 59 90
1 3 90 59 18 60
1 3 35 90 60 3
1 3 4 47 91 55
1 3 47 16 61 91
1 3 91 61 28 62
1 3 55 91 62 17
1 3 16 50 92 61
1 3 50 0 63 92
1 3 92 63 19 64
1 3 61 92 64 28
1 3 28 64 93 67
1 3 64 19 65 93
1 3 93 65 5 66
1 3 67 93 66 20
1 3 17 62 94 57
1 3 62 28 67 94
1 3 94 67 20 68
1 3 57 94 68 7
1 3 7 68 95 71
1 3 68 20 69 95
1 3 95 69 29 70
1 3 71 95 70 22
1 3 20 66 96 69
1 3 66 5 72 96
1 3 96 72 21 73
1 3 69 96 73 29
1 3 3 60 97 38
1 3 60 18 74 97
1 3 97 74 30 75
1 3 38 97 75 11
1 3 18 58 98 74
1 3 58 7 71 98
1 3 98 71 22 76
1 3 74 98 76 30
1 3 30 76 99 79
1 3 76 22 77 99
1 3 99 77 6 78
1 3 79 99 78 23
1 3 11 75 100 41
1 3 75 30 79 100
1 3 100 79 23 80
1 3 41 100 80 2

boundary
40
1 1 15 49
1 1 49 0
1 1 0 63
1 1 63 19
1 1 19 65
1 1 65 5
1 1 5 72
1 1 72 21
13 1 31 1
13 1 34 8
13 1 10 37
13 1 40 10
13 1 2 42
13 1 12 43
13 1 1 51
13 1 4 44
13 1 54 4
13 1 13 45
13 1 48 15
13 1 70 22
13 1 21 73
13 1 77 6
13 1 6 78
13 1 80 2
13 1 8 31
13 1 51 14
13 1 44 13
13 1 14 54
13 1 45 26
13 1 26 48
13 1 24 34
13 1 37 24
13 1 25 40
13 1 43 25
13 1 42 12
13 1 29 70
13 1 73 29
13 1 22 77
13 1 78 23
13 1 23 80

vertices
101
2
-0.809017 -0.587785
-0.404508 -0.293893
-0.25 -0.76942
-0.327254 -0.5316565
-0.6067625 -0.440839
-0.7317625 -0.8255475
-0.452254 -0.916365
-0.52950825 -0.678602
-0.303381 -0.22041975
-0.365881 -0.41277475
-0.226127 -0.4581835
-0.288627 -0.65053825
-0.148873 -0.69594725
-0.70788887 -0.36736575
-0.50563525 -0.367366
-0.91014275 -0.51431175
-0.70788975 -0.514312
-0.56813537 -0.5597205
-0.42838113 -0.60512925
-0.77038975 -0.70666625
-0.63063537 -0.75207475
-0.69313525 -0.94442875
-0.49088113 -0.7974835
-0.351127 -0.8428925
-0.264754 -0.33930162
-0.1875 -0.57706537
-0.80901581 -0.44083875
-0.46700819 -0.48624762
-0.66926256 -0.63319338
-0.59200819 -0.87095612
-0.38975406 -0.72401088
-0.3539445 -0.25715637
-0.3851945 -0.35333388
-0.3153175 -0.37603819
-0.2840675 -0.27986069
-0.3465675 -0.47221562
-0.2766905 -0.49492
-0.2454405 -0.39874256
-0.3079405 -0.59109737
-0.2380635 -0.61380181
-0.2068135 -0.51762444
-0.2693135 -0.70997913
-0.1994365 -0.73268362
-0.1681865 -0.63650631
-0.65732569 -0.40410238
-0.75845234 -0.40410225
-0.75845278 -0.47757538
-0.65732612 -0.4775755
-0.85957928 -0.47757525
-0.85957987 -0.55104838
-0.75845337 -0.5510485
-0.45507162 -0.3306295
-0.48632172 -0.42680681
-0.41644459 -0.44951119
-0.55619887 -0.4041025
-0.58744894 -0.50027975
-0.51757178 -0.52298406
-0.54882181 -0.61916125
-0.47894469 -0.64186562
-0.44769466 -0.54568844
-0.37781756 -0.56839288
-0.68857616 -0.57375269
-0.61869897 -0.59645694
-0.78970337 -0.64722563
-0.71982616 -0.66992981
-0.75107612 -0.76610687
-0.68119894 -0.78881113
-0.64994897 -0.69263406
-0.58007181 -0.71533837
-0.61132178 -0.81151544
-0.54144466 -0.83421981
-0.51019469 -0.73804275
-0.71244887 -0.88498813
-0.64257172 -0.90769244
-0.40906759 -0.66457006
-0.33919053 -0.68727456
-0.44031759 -0.76074719
-0.47156756 -0.85692425
-0.4016905 -0.87962875
-0.37044053 -0.78345169
-0.3005635 -0.80615625
-0.334631 -0.31659728
-0.296004 -0.43547909
-0.257377 -0.55436091
-0.21875 -0.67324272
-0.70788923 -0.44083887
-0.80901633 -0.51431187
-0.43575811 -0.39007034
-0.53688533 -0.46354328
-0.49825823 -0.58242484
-0.39713108 -0.50895203
-0.63801255 -0.53701622
-0.73913977 -0.61048916
-0.70051255 -0.72937047
-0.59938539 -0.65589766
-0.56075823 -0.77477909
-0.66188533 -0.84825178
-0.35850405 -0.62783372
-0.45963114 -0.70130641
-0.42100405 -0.82018797
-0.31987702 -0.74671541
