MFEM mesh v1.0

#
# MFEM Geometry Types (see fem/geom.hpp):
#
# POINT       = 0
# SEGMENT     = 1
# TRIANGLE    = 2
# SQUARE      = 3
# TETRAHEDRON = 4
# CUBE        = 5
# PRISM       = 6
#

dimension
2

elements
80
1 3 0 33 85 36
1 3 33 9 34 85
1 3 85 34 25 35
1 3 36 85 35 10
1 3 0 36 86 39
1 3 36 10 37 86
1 3 86 37 26 38
1 3 39 86 38 13
1 3 26 40 87 43
1 3 40 11 41 87
1 3 87 41 6 42
1 3 43 87 42 12
1 3 13 38 88 45
1 3 38 26 43 88
1 3 88 43 12 44
1 3 45 88 44 4
1 3 6 46 89 49
1 3 46 14 47 89
1 3 89 47 27 48
1 3 49 89 48 16
1 3 16 48 90 52
1 3 48 27 50 90
1 3 90 50 15 51
1 3 52 90 51 3
1 3 4 44 91 55
1 3 44 12 53 91
1 3 91 53 28 54
1 3 55 91 54 18
1 3 12 42 92 53
1 3 42 6 49 92
1 3 92 49 16 56
1 3 53 92 56 28
1 3 28 56 93 58
1 3 56 16 52 93
1 3 93 52 3 57
1 3 58 93 57 17
1 3 18 54 94 60
1 3 54 28 58 94
1 3 94 58 17 59
1 3 60 94 59 1
1 3 0 39 95 63
1 3 39 13 61 95
1 3 95 61 29 62
1 3 63 95 62 8
1 3 13 45 96 61
1 3 45 4 64 96
1 3 96 64 19 65
1 3 61 96 65 29
1 3 8 62 97 68
1 3 62 29 66 97
1 3 97 66 20 67
1 3 68 97 67 2
1 3 4 55 98 64
1 3 55 18 69 98
1 3 98 69 30 70
1 3 64 98 70 19
1 3 18 60 99 69
1 3 60 1 71 99
1 3 99 71 21 72
1 3 69 99 72 30
1 3 30 72 100 75
1 3 72 21 73 100
1 3 100 73 5 74
1 3 75 100 74 22
1 3 19 70 101 77
1 3 70 30 75 101
1 3 101 75 22 76
1 3 77 101 76 7
1 3 1 59 102 80
1 3 59 17 78 102
1 3 102 78 31 79
1 3 80 102 79 24
1 3 17 57 103 78
1 3 57 3 81 103
1 3 103 81 23 82
1 3 78 103 82 31
1 3 3 51 104 81
1 3 51 15 83 104
1 3 104 83 32 84
1 3 81 104 84 23

boundary
48
10 1 63 0
10 1 2 68
10 1 0 33
10 1 9 34
10 1 35 10
10 1 10 37
10 1 40 11
10 1 41 6
10 1 6 46
10 1 14 47
10 1 50 15
10 1 19 65
10 1 7 77
10 1 66 20
10 1 67 2
10 1 1 71
10 1 73 5
10 1 5 74
10 1 76 7
10 1 79 24
10 1 80 1
10 1 23 82
10 1 15 83
10 1 84 23
10 1 8 63
10 1 33 9
10 1 34 25
10 1 25 35
10 1 37 26
10 1 26 40
10 1 11 41
10 1 46 14
10 1 68 8
10 1 65 29
10 1 77 19
10 1 29 66
10 1 20 67
10 1 47 27
10 1 27 50
10 1 71 21
10 1 21 73
10 1 31 79
10 1 24 80
10 1 82 31
10 1 32 84
10 1 74 22
10 1 22 76
10 1 83 32

vertices
105
2
0 0
0.154508 -0.475529
0.25 0
-0.047746 -0.6224745
0.077254 -0.2377645
0.4045085 -0.475529
-0.125 -0.3847105
0.32725425 -0.2377645
0.125 0
-0.101127 0.07347325
-0.101127 -0.07347325
-0.163627 -0.2658285
-0.023873 -0.3112375
0.038627 -0.11888225
-0.226127 -0.4581835
-0.148873 -0.69594725
-0.086373 -0.5035925
0.053381 -0.54900175
0.115881 -0.35664675
0.20225412 -0.2377645
0.28862712 -0.11888225
0.27950825 -0.475529
0.36588137 -0.35664675
-0.0091188125 -0.74135675
0.19313525 -0.594411
-0.202254 0
-0.0625 -0.19235537
-0.1875 -0.57706537
0.014754 -0.43011963
0.16362706 -0.11888225
0.24088119 -0.35664675
0.092008219 -0.66788388
-0.11024584 -0.81482963
-0.0505635 0.036736625
-0.1516905 0.036736625
-0.1516905 -0.036736625
-0.0505635 -0.036736625
-0.0818135 -0.13291431
-0.0119365 -0.15561881
0.0193135 -0.059441125
-0.1130635 -0.22909194
-0.1443135 -0.3252695
-0.0744365 -0.347974
-0.0431865 -0.25179644
0.0266905 -0.274501
0.0579405 -0.17832338
-0.1755635 -0.421447
-0.2068135 -0.51762444
-0.1369365 -0.54032894
-0.1056865 -0.4441515
-0.1681865 -0.63650631
-0.0983095 -0.65921088
-0.0670595 -0.5630335
-0.0045595 -0.37067856
0.0653175 -0.39338319
0.0965675 -0.29720563
-0.0358095 -0.46685606
0.0028175 -0.58573812
0.0340675 -0.48956069
0.1039445 -0.51226537
0.1351945 -0.41608787
0.10112703 -0.11888225
0.14431353 -0.059441125
0.0625 0
0.13975406 -0.2377645
0.18294059 -0.17832338
0.22612709 -0.11888225
0.26931356 -0.059441125
0.1875 0
0.17838109 -0.35664675
0.22156766 -0.29720563
0.21700812 -0.475529
0.26019472 -0.41608787
0.34200838 -0.475529
0.38519494 -0.41608787
0.30338128 -0.35664675
0.34656781 -0.29720563
0.26475419 -0.2377645
0.072694609 -0.60844281
0.14257173 -0.63114744
0.17382162 -0.53497
-0.028432406 -0.68191563
0.041444703 -0.70462031
-0.12955942 -0.75538844
-0.059682328 -0.77809319
-0.101127 0
-0.03125 -0.096177719
-0.09375 -0.28853297
0.007377 -0.21505991
-0.15625 -0.48088797
-0.117623 -0.59976991
0.046004 -0.33394209
-0.055123 -0.40741503
-0.016496 -0.52629709
0.084631 -0.45282428
0.081813516 -0.059441125
0.12044055 -0.17832338
0.20681355 -0.059441125
0.15906758 -0.29720563
0.19769461 -0.41608787
0.32269483 -0.41608787
0.28406773 -0.29720563
0.12325812 -0.57170641
0.022131102 -0.64517922
-0.078995914 -0.71865203
