MFEM mesh v1.0

#
# MFEM Geometry Types (see fem/geom.hpp):
#
# POINT       = 0
# SEGMENT     = 1
# TRIANGLE    = 2
# SQUARE      = 3
# TETRAHEDRON = 4
# CUBE        = 5
# PRISM       = 6
#

dimension
2

elements
80
1 3 6 33 85 36
1 3 33 8 34 85
1 3 85 34 24 35
1 3 36 85 35 11
1 3 8 37 86 34
1 3 37 2 38 86
1 3 86 38 9 39
1 3 34 86 39 24
1 3 24 39 87 42
1 3 39 9 40 87
1 3 87 40 1 41
1 3 42 87 41 10
1 3 11 35 88 44
1 3 35 24 42 88
1 3 88 42 10 43
1 3 44 88 43 3
1 3 25 45 89 47
1 3 45 11 44 89
1 3 89 44 3 46
1 3 47 89 46 12
1 3 2 48 90 38
1 3 48 13 49 90
1 3 90 49 26 50
1 3 38 90 50 9
1 3 1 51 91 54
1 3 51 14 52 91
1 3 91 52 27 53
1 3 54 91 53 16
1 3 4 55 92 58
1 3 55 15 56 92
1 3 92 56 28 57
1 3 58 92 57 17
1 3 12 46 93 61
1 3 46 3 59 93
1 3 93 59 18 60
1 3 61 93 60 29
1 3 29 60 94 64
1 3 60 18 62 94
1 3 94 62 7 63
1 3 64 94 63 19
1 3 3 43 95 59
1 3 43 10 65 95
1 3 95 65 30 66
1 3 59 95 66 18
1 3 10 41 96 65
1 3 41 1 54 96
1 3 96 54 16 67
1 3 65 96 67 30
1 3 30 67 97 70
1 3 67 16 68 97
1 3 97 68 4 69
1 3 70 97 69 20
1 3 18 66 98 62
1 3 66 30 70 98
1 3 98 70 20 71
1 3 62 98 71 7
1 3 7 71 99 74
1 3 71 20 72 99
1 3 99 72 31 73
1 3 74 99 73 22
1 3 20 69 100 72
1 3 69 4 58 100
1 3 100 58 17 75
1 3 72 100 75 31
1 3 31 75 101 78
1 3 75 17 76 101
1 3 101 76 0 77
1 3 78 101 77 21
1 3 22 73 102 80
1 3 73 31 78 102
1 3 102 78 21 79
1 3 80 102 79 5
1 3 19 63 103 82
1 3 63 7 74 103
1 3 103 74 22 81
1 3 82 103 81 32
1 3 32 81 104 84
1 3 81 22 80 104
1 3 104 80 5 83
1 3 84 104 83 23

boundary
48
1 1 0 77
1 1 77 21
1 1 21 79
1 1 79 5
1 1 5 83
1 1 83 23
7 1 37 2
7 1 6 33
7 1 36 6
7 1 40 1
7 1 45 11
7 1 12 47
7 1 2 48
7 1 13 49
7 1 50 9
7 1 1 51
7 1 14 52
7 1 53 16
7 1 4 55
7 1 68 4
7 1 15 56
7 1 57 17
7 1 76 0
7 1 61 12
7 1 19 64
7 1 82 19
7 1 23 84
7 1 8 37
7 1 33 8
7 1 11 36
7 1 25 45
7 1 47 25
7 1 29 61
7 1 9 40
7 1 26 50
7 1 51 14
7 1 52 27
7 1 27 53
7 1 55 15
7 1 16 68
7 1 56 28
7 1 28 57
7 1 17 76
7 1 48 13
7 1 49 26
7 1 64 29
7 1 32 82
7 1 84 32

vertices
105
2
1.15451 -0.475529
0.654509 -0.475529
0.4045085 -0.475529
0.5772545 -0.2377645
0.9045095 -0.475529
1.077255 -0.2377645
0.32725425 -0.2377645
0.82725475 -0.2377645
0.36588137 -0.35664675
0.52950875 -0.475529
0.61588175 -0.35664675
0.45225437 -0.2377645
0.53862725 -0.11888225
0.44313587 -0.594411
0.6931365 -0.594411
0.943137 -0.594411
0.77950925 -0.475529
1.0295097 -0.475529
0.70225463 -0.2377645
0.78862738 -0.11888225
0.86588212 -0.35664675
1.1158825 -0.35664675
0.95225488 -0.2377645
1.0386275 -0.11888225
0.49088156 -0.35664675
0.41362719 -0.11888225
0.56813619 -0.594411
0.81813675 -0.594411
1.0681373 -0.594411
0.66362731 -0.11888225
0.74088194 -0.35664675
0.99088231 -0.35664675
0.91362744 -0.11888225
0.34656781 -0.29720563
0.42838147 -0.35664675
0.47156797 -0.29720563
0.38975431 -0.2377645
0.38519494 -0.41608787
0.46700862 -0.475529
0.51019516 -0.41608787
0.59200887 -0.475529
0.63519538 -0.41608787
0.55338166 -0.35664675
0.59656813 -0.29720563
0.51475444 -0.2377645
0.43294078 -0.17832338
0.55794088 -0.17832338
0.47612722 -0.11888225
0.42382219 -0.53497
0.50563603 -0.594411
0.54882247 -0.53497
0.67382275 -0.53497
0.75563663 -0.594411
0.798823 -0.53497
0.71700913 -0.475529
0.92382325 -0.53497
1.0056371 -0.594411
1.0488235 -0.53497
0.96700962 -0.475529
0.63975456 -0.2377645
0.68294097 -0.17832338
0.60112728 -0.11888225
0.76475469 -0.2377645
0.80794106 -0.17832338
0.72612734 -0.11888225
0.67838184 -0.35664675
0.72156828 -0.29720563
0.76019559 -0.41608787
0.84200937 -0.475529
0.88519581 -0.41608787
0.80338203 -0.35664675
0.84656844 -0.29720563
0.92838222 -0.35664675
0.97156859 -0.29720563
0.88975481 -0.2377645
1.010196 -0.41608787
1.0920099 -0.475529
1.1351962 -0.41608787
1.0533824 -0.35664675
1.0965688 -0.29720563
1.0147549 -0.2377645
0.93294116 -0.17832338
0.85112741 -0.11888225
1.0579413 -0.17832338
0.97612747 -0.11888225
0.40906789 -0.29720563
0.44769505 -0.41608787
0.57269527 -0.41608787
0.53406805 -0.29720563
0.49544083 -0.17832338
0.48632233 -0.53497
0.73632288 -0.53497
0.98632338 -0.53497
0.62044092 -0.17832338
0.74544102 -0.17832338
0.6590682 -0.29720563
0.69769548 -0.41608787
0.8226957 -0.41608787
0.78406836 -0.29720563
0.90906852 -0.29720563
0.94769592 -0.41608787
1.0726961 -0.41608787
1.0340687 -0.29720563
0.87044111 -0.17832338
0.9954412 -0.17832338
