MFEM mesh v1.0

#
# MFEM Geometry Types (see fem/geom.hpp):
#
# POINT       = 0
# SEGMENT     = 1
# TRIANGLE    = 2
# SQUARE      = 3
# TETRAHEDRON = 4
# CUBE        = 5
# PRISM       = 6
#

dimension
2

elements
80
1 3 25 33 85 36
1 3 33 9 34 85
1 3 85 34 7 35
1 3 36 85 35 10
1 3 26 37 86 40
1 3 37 11 38 86
1 3 86 38 3 39
1 3 40 86 39 12
1 3 9 41 87 34
1 3 41 26 40 87
1 3 87 40 12 42
1 3 34 87 42 7
1 3 7 42 88 45
1 3 42 12 43 88
1 3 88 43 27 44
1 3 45 88 44 15
1 3 12 39 89 43
1 3 39 3 46 89
1 3 89 46 13 47
1 3 43 89 47 27
1 3 27 47 90 50
1 3 47 13 48 90
1 3 90 48 1 49
1 3 50 90 49 14
1 3 15 44 91 52
1 3 44 27 50 91
1 3 91 50 14 51
1 3 52 91 51 4
1 3 5 53 92 56
1 3 53 10 54 92
1 3 92 54 28 55
1 3 56 92 55 17
1 3 10 35 93 54
1 3 35 7 45 93
1 3 93 45 15 57
1 3 54 93 57 28
1 3 28 57 94 59
1 3 57 15 52 94
1 3 94 52 4 58
1 3 59 94 58 16
1 3 17 55 95 61
1 3 55 28 59 95
1 3 95 59 16 60
1 3 61 95 60 2
1 3 29 62 96 65
1 3 62 18 63 96
1 3 96 63 8 64
1 3 65 96 64 19
1 3 18 66 97 63
1 3 66 30 67 97
1 3 97 67 20 68
1 3 63 97 68 8
1 3 8 68 98 71
1 3 68 20 69 98
1 3 98 69 31 70
1 3 71 98 70 22
1 3 20 72 99 69
1 3 72 5 56 99
1 3 99 56 17 73
1 3 69 99 73 31
1 3 31 73 100 75
1 3 73 17 61 100
1 3 100 61 2 74
1 3 75 100 74 21
1 3 22 70 101 77
1 3 70 31 75 101
1 3 101 75 21 76
1 3 77 101 76 6
1 3 19 64 102 79
1 3 64 8 71 102
1 3 102 71 22 78
1 3 79 102 78 32
1 3 32 78 103 81
1 3 78 22 77 103
1 3 103 77 6 80
1 3 81 103 80 23
1 3 24 82 104 84
1 3 82 32 81 104
1 3 104 81 23 83
1 3 84 104 83 0

boundary
48
1 1 2 74
1 1 74 21
1 1 21 76
1 1 76 6
1 1 6 80
1 1 80 23
1 1 23 83
1 1 83 0
1 1 11 38
1 1 38 3
1 1 3 46
1 1 46 13
1 1 13 48
1 1 48 1
1 1 1 49
1 1 49 14
1 1 14 51
1 1 51 4
1 1 4 58
1 1 58 16
1 1 16 60
1 1 60 2
2 1 33 9
2 1 10 36
2 1 5 53
2 1 9 41
2 1 37 11
2 1 62 18
2 1 19 65
2 1 18 66
2 1 72 5
2 1 67 20
2 1 79 19
2 1 24 82
2 1 0 84
2 1 25 33
2 1 36 25
2 1 53 10
2 1 41 26
2 1 26 37
2 1 20 72
2 1 30 67
2 1 29 62
2 1 65 29
2 1 66 30
2 1 32 79
2 1 82 32
2 1 84 24

vertices
105
2
-0.809017 0.587785
-0.5 1.53884
-0.654508 1.06331
-0.29774575 1.391895
-0.577254 1.301075
-0.452254 0.9163655
-0.7317625 0.8255475
-0.37499987 1.1541303
-0.52950825 0.67860225
-0.27387281 1.0806579
-0.41362694 1.0352479
-0.19661863 1.3184225
-0.33637281 1.2730126
-0.39887288 1.4653675
-0.538627 1.4199575
-0.47612694 1.2276026
-0.615881 1.1821925
-0.553381 0.98983775
-0.42838113 0.60512963
-0.56813537 0.55972062
-0.49088113 0.79748387
-0.69313525 0.94442875
-0.63063537 0.75207487
-0.77038975 0.70666625
-0.70788975 0.514312
-0.31249991 0.96177556
-0.23524572 1.1995402
-0.43749991 1.3464851
-0.51475397 1.1087202
-0.46700819 0.48624781
-0.38975406 0.72401144
-0.59200819 0.87095631
-0.66926256 0.63319344
-0.29318636 1.0212167
-0.32443634 1.1173941
-0.39431341 1.0946891
-0.36306342 0.99851172
-0.21593217 1.2589813
-0.24718219 1.3551587
-0.31705928 1.3324538
-0.28580927 1.2362764
-0.25455927 1.140099
-0.35568634 1.2135714
-0.38693636 1.3097488
-0.45681342 1.2870438
-0.42556341 1.1908664
-0.34830931 1.4286313
-0.41818639 1.4059263
-0.44943644 1.5021037
-0.5193135 1.4793988
-0.48806345 1.3832213
-0.5579405 1.3605162
-0.52669047 1.2643388
-0.43294047 0.97580669
-0.46419045 1.071984
-0.53406748 1.049279
-0.5028175 0.95310162
-0.49544045 1.1681614
-0.5965675 1.2416338
-0.56531748 1.1454563
-0.6351945 1.1227512
-0.6039445 1.0265739
-0.44769466 0.54568872
-0.47894469 0.64186594
-0.54882181 0.61916144
-0.51757178 0.52298422
-0.40906759 0.66457053
-0.44031759 0.76074766
-0.51019469 0.73804306
-0.54144466 0.83422009
-0.61132178 0.81151559
-0.58007181 0.71533856
-0.47156756 0.85692469
-0.57269459 0.93039703
-0.67382162 1.0038694
-0.64257172 0.90769253
-0.71244887 0.88498813
-0.68119894 0.78881119
-0.64994897 0.69263416
-0.61869897 0.59645703
-0.75107612 0.76610687
-0.71982616 0.66992984
-0.68857616 0.57375272
-0.78970337 0.64722563
-0.75845337 0.5510485
-0.34374988 1.0579529
-0.26649573 1.2957176
-0.3051228 1.1768352
-0.40624988 1.2503076
-0.36762284 1.36919
-0.46874995 1.4426625
-0.50737696 1.32378
-0.48350398 1.0125428
-0.44487693 1.1314252
-0.54600398 1.2048976
-0.58463099 1.0860151
-0.49825823 0.58242508
-0.45963114 0.7013068
-0.56075823 0.77477933
-0.52213108 0.89366086
-0.62325811 0.9671332
-0.66188533 0.84825186
-0.59938539 0.6558978
-0.70051255 0.72937052
-0.73913977 0.61048917
