MFEM mesh v1.0

#
# MFEM Geometry Types (see fem/geom.hpp):
#
# POINT       = 0
# SEGMENT     = 1
# TRIANGLE    = 2
# SQUARE      = 3
# TETRAHEDRON = 4
# CUBE        = 5
# PRISM       = 6
#

dimension
2

elements
80
1 3 26 34 87 37
1 3 34 11 35 87
1 3 87 35 8 36
1 3 37 87 36 12
1 3 11 38 88 35
1 3 38 27 39 88
1 3 88 39 14 40
1 3 35 88 40 8
1 3 8 40 89 43
1 3 40 14 41 89
1 3 89 41 28 42
1 3 43 89 42 17
1 3 14 44 90 41
1 3 44 4 45 90
1 3 90 45 15 46
1 3 41 90 46 28
1 3 28 46 91 49
1 3 46 15 47 91
1 3 91 47 0 48
1 3 49 91 48 16
1 3 17 42 92 51
1 3 42 28 49 92
1 3 92 49 16 50
1 3 51 92 50 5
1 3 6 52 93 55
1 3 52 12 53 93
1 3 93 53 29 54
1 3 55 93 54 19
1 3 12 36 94 53
1 3 36 8 43 94
1 3 94 43 17 56
1 3 53 94 56 29
1 3 29 56 95 58
1 3 56 17 51 95
1 3 95 51 5 57
1 3 58 95 57 18
1 3 19 54 96 60
1 3 54 29 58 96
1 3 96 58 18 59
1 3 60 96 59 1
1 3 30 61 97 64
1 3 61 20 62 97
1 3 97 62 9 63
1 3 64 97 63 21
1 3 3 65 98 68
1 3 65 10 66 98
1 3 98 66 31 67
1 3 68 98 67 20
1 3 10 69 99 66
1 3 69 2 70 99
1 3 99 70 13 71
1 3 66 99 71 31
1 3 31 71 100 74
1 3 71 13 72 100
1 3 100 72 6 73
1 3 74 100 73 22
1 3 20 67 101 62
1 3 67 31 74 101
1 3 101 74 22 75
1 3 62 101 75 9
1 3 9 75 102 78
1 3 75 22 76 102
1 3 102 76 32 77
1 3 78 102 77 24
1 3 22 73 103 76
1 3 73 6 55 103
1 3 103 55 19 79
1 3 76 103 79 32
1 3 32 79 104 81
1 3 79 19 60 104
1 3 104 60 1 80
1 3 81 104 80 23
1 3 24 77 105 83
1 3 77 32 81 105
1 3 105 81 23 82
1 3 83 105 82 7
1 3 33 84 106 86
1 3 84 24 83 106
1 3 106 83 7 85
1 3 86 106 85 25

boundary
52
1 1 1 80
1 1 80 23
1 1 23 82
1 1 82 7
1 1 7 85
1 1 85 25
1 1 4 45
1 1 45 15
1 1 15 47
1 1 47 0
1 1 0 48
1 1 48 16
1 1 16 50
1 1 50 5
1 1 5 57
1 1 57 18
1 1 18 59
1 1 59 1
5 1 69 2
5 1 3 65
5 1 2 70
5 1 34 11
5 1 12 37
5 1 6 52
5 1 72 6
5 1 11 38
5 1 44 4
5 1 39 14
5 1 68 3
5 1 61 20
5 1 9 63
5 1 21 64
5 1 78 9
5 1 84 24
5 1 25 86
5 1 10 69
5 1 65 10
5 1 20 68
5 1 30 61
5 1 63 21
5 1 64 30
5 1 24 78
5 1 33 84
5 1 86 33
5 1 70 13
5 1 26 34
5 1 37 26
5 1 52 12
5 1 13 72
5 1 38 27
5 1 14 44
5 1 27 39

vertices
107
2
1.30902 0.951057
0.809019 0.951057
0.654509 0.475529
0.4045085 0.475529
1.231765 0.713293
1.0590195 0.951057
0.731764 0.713293
0.559018 0.951057
0.9817645 0.713293
0.48176325 0.713293
0.52950875 0.475529
0.943137 0.594411
0.85676425 0.713293
0.6931365 0.594411
1.1067647 0.713293
1.2703925 0.832175
1.1840198 0.951057
1.020392 0.832175
0.93401925 0.951057
0.7703915 0.832175
0.44313587 0.594411
0.35676287 0.713293
0.60676363 0.713293
0.6840185 0.951057
0.52039062 0.832175
0.4340175 0.951057
0.81813675 0.594411
1.0681372 0.594411
1.1453923 0.832175
0.89539175 0.832175
0.31813556 0.594411
0.56813619 0.594411
0.64539106 0.832175
0.39539019 0.832175
0.88063687 0.594411
0.96245075 0.653852
0.91926438 0.713293
0.8374505 0.653852
1.0056371 0.594411
1.087451 0.653852
1.0442646 0.713293
1.1260785 0.772734
1.0828921 0.832175
1.0010782 0.772734
1.1692649 0.713293
1.2510788 0.772734
1.2078924 0.832175
1.2897063 0.891616
1.2465199 0.951057
1.164706 0.891616
1.1215196 0.951057
1.0397057 0.891616
0.79426413 0.713293
0.876078 0.772734
0.83289163 0.832175
0.75107775 0.772734
0.95789188 0.832175
0.99651937 0.951057
0.9147055 0.891616
0.87151913 0.951057
0.78970525 0.891616
0.38063572 0.594411
0.46244956 0.653852
0.41926306 0.713293
0.33744922 0.653852
0.46700862 0.475529
0.54882247 0.53497
0.50563603 0.594411
0.42382219 0.53497
0.59200887 0.475529
0.67382275 0.53497
0.63063634 0.594411
0.71245025 0.653852
0.66926381 0.713293
0.58744991 0.653852
0.54426344 0.713293
0.62607734 0.772734
0.58289084 0.832175
0.50107694 0.772734
0.70789128 0.832175
0.74651875 0.951057
0.66470478 0.891616
0.62151825 0.951057
0.53970431 0.891616
0.45789041 0.832175
0.49651775 0.951057
0.41470384 0.891616
0.89995063 0.653852
1.0249509 0.653852
1.0635784 0.772734
1.1885786 0.772734
1.2272061 0.891616
1.1022059 0.891616
0.81357788 0.772734
0.93857813 0.772734
0.97720562 0.891616
0.85220538 0.891616
0.39994939 0.653852
0.48632233 0.53497
0.61132261 0.53497
0.64995008 0.653852
0.52494973 0.653852
0.56357714 0.772734
0.68857755 0.772734
0.72720502 0.891616
0.60220455 0.891616
0.47720408 0.891616
