MFEM mesh v1.0

#
# MFEM Geometry Types (see fem/geom.hpp):
#
# POINT       = 0
# SEGMENT     = 1
# TRIANGLE    = 2
# SQUARE      = 3
# TETRAHEDRON = 4
# CUBE        = 5
# PRISM       = 6
#

dimension
2

elements
80
1 3 9 34 87 37
1 3 34 3 35 87
1 3 87 35 10 36
1 3 37 87 36 26
1 3 3 38 88 35
1 3 38 12 39 88
1 3 88 39 27 40
1 3 35 88 40 10
1 3 12 41 89 39
1 3 41 0 42 89
1 3 89 42 13 43
1 3 39 89 43 27
1 3 27 43 90 46
1 3 43 13 44 90
1 3 90 44 4 45
1 3 46 90 45 14
1 3 10 40 91 48
1 3 40 27 46 91
1 3 91 46 14 47
1 3 48 91 47 8
1 3 8 47 92 51
1 3 47 14 49 92
1 3 92 49 28 50
1 3 51 92 50 17
1 3 14 45 93 49
1 3 45 4 52 93
1 3 93 52 15 53
1 3 49 93 53 28
1 3 28 53 94 56
1 3 53 15 54 94
1 3 94 54 1 55
1 3 56 94 55 16
1 3 17 50 95 58
1 3 50 28 56 95
1 3 95 56 16 57
1 3 58 95 57 5
1 3 11 59 96 61
1 3 59 8 51 96
1 3 96 51 17 60
1 3 61 96 60 29
1 3 29 60 97 63
1 3 60 17 58 97
1 3 97 58 5 62
1 3 63 97 62 18
1 3 2 64 98 67
1 3 64 18 65 98
1 3 98 65 30 66
1 3 67 98 66 21
1 3 18 62 99 65
1 3 62 5 68 99
1 3 99 68 19 69
1 3 65 99 69 30
1 3 21 66 100 72
1 3 66 30 70 100
1 3 100 70 20 71
1 3 72 100 71 7
1 3 5 57 101 68
1 3 57 16 73 101
1 3 101 73 31 74
1 3 68 101 74 19
1 3 16 55 102 73
1 3 55 1 75 102
1 3 102 75 22 76
1 3 73 102 76 31
1 3 31 76 103 79
1 3 76 22 77 103
1 3 103 77 6 78
1 3 79 103 78 23
1 3 9 80 104 34
1 3 80 32 81 104
1 3 104 81 24 82
1 3 34 104 82 3
1 3 3 82 105 38
1 3 82 24 83 105
1 3 105 83 33 84
1 3 38 105 84 12
1 3 12 84 106 41
1 3 84 33 85 106
1 3 106 85 25 86
1 3 41 106 86 0

boundary
52
1 1 1 75
1 1 75 22
1 1 22 77
1 1 77 6
1 1 25 86
1 1 86 0
1 1 0 42
1 1 42 13
1 1 13 44
1 1 44 4
1 1 4 52
1 1 52 15
1 1 15 54
1 1 54 1
8 1 37 9
8 1 10 36
8 1 8 48
8 1 59 8
8 1 61 11
8 1 18 63
8 1 2 64
8 1 67 2
8 1 19 69
8 1 70 20
8 1 71 7
8 1 7 72
8 1 74 19
8 1 6 78
8 1 23 79
8 1 9 80
8 1 81 24
8 1 24 83
8 1 85 25
8 1 26 37
8 1 36 26
8 1 48 10
8 1 11 59
8 1 29 61
8 1 63 29
8 1 64 18
8 1 80 32
8 1 21 67
8 1 69 30
8 1 30 70
8 1 20 71
8 1 72 21
8 1 31 74
8 1 78 23
8 1 79 31
8 1 32 81
8 1 83 33
8 1 33 85

vertices
107
2
1 0
1.15451 0.475529
0.654509 0.475529
0.75 0
1.077255 0.2377645
0.9045095 0.475529
1.231765 0.713293
0.731764 0.713293
0.82725475 0.2377645
0.625 0
0.78862738 0.11888225
0.70225463 0.2377645
0.875 0
1.0386275 0.11888225
0.95225488 0.2377645
1.1158825 0.35664675
1.0295097 0.475529
0.86588212 0.35664675
0.77950925 0.475529
0.943137 0.594411
0.85676425 0.713293
0.6931365 0.594411
1.1931375 0.594411
1.1067647 0.713293
0.78862738 -0.11888225
1.0386275 -0.11888225
0.66362731 0.11888225
0.91362744 0.11888225
0.99088231 0.35664675
0.74088194 0.35664675
0.81813675 0.594411
1.0681372 0.594411
0.66362731 -0.11888225
0.91362744 -0.11888225
0.6875 0
0.76931369 0.059441125
0.72612734 0.11888225
0.64431366 0.059441125
0.8125 0
0.89431372 0.059441125
0.85112741 0.11888225
0.9375 0
1.0193138 0.059441125
0.97612747 0.11888225
1.0579413 0.17832338
1.0147549 0.2377645
0.93294116 0.17832338
0.88975481 0.2377645
0.80794106 0.17832338
0.97156859 0.29720563
0.92838222 0.35664675
0.84656844 0.29720563
1.0965688 0.29720563
1.0533824 0.35664675
1.1351962 0.41608787
1.0920099 0.475529
1.010196 0.41608787
0.96700962 0.475529
0.88519581 0.41608787
0.76475469 0.2377645
0.80338203 0.35664675
0.72156828 0.29720563
0.84200937 0.475529
0.76019559 0.41608787
0.71700913 0.475529
0.798823 0.53497
0.75563663 0.594411
0.67382275 0.53497
0.92382325 0.53497
0.88063687 0.594411
0.8374505 0.653852
0.79426413 0.713293
0.71245025 0.653852
1.0488235 0.53497
1.0056371 0.594411
1.1738237 0.53497
1.1306374 0.594411
1.2124512 0.653852
1.1692649 0.713293
1.087451 0.653852
0.64431366 -0.059441125
0.72612734 -0.11888225
0.76931369 -0.059441125
0.85112741 -0.11888225
0.89431372 -0.059441125
0.97612747 -0.11888225
1.0193138 -0.059441125
0.70681367 0.059441125
0.8318137 0.059441125
0.95681373 0.059441125
0.9954412 0.17832338
0.87044111 0.17832338
0.90906852 0.29720563
1.0340687 0.29720563
1.0726961 0.41608787
0.94769592 0.41608787
0.78406836 0.29720563
0.8226957 0.41608787
0.73632288 0.53497
0.86132312 0.53497
0.77495038 0.653852
0.98632338 0.53497
1.1113236 0.53497
1.1499511 0.653852
0.70681367 -0.059441125
0.8318137 -0.059441125
0.95681373 -0.059441125
