MFEM mesh v1.0

#
# MFEM Geometry Types (see fem/geom.hpp):
#
# POINT       = 0
# SEGMENT     = 1
# TRIANGLE    = 2
# SQUARE      = 3
# TETRAHEDRON = 4
# CUBE        = 5
# PRISM       = 6
#

dimension
2

elements
80
1 3 12 37 93 40
1 3 37 29 38 93
1 3 93 38 11 39
1 3 40 93 39 3
1 3 4 41 94 44
1 3 41 10 42 94
1 3 94 42 30 43
1 3 44 94 43 14
1 3 30 45 95 47
1 3 45 12 40 95
1 3 95 40 3 46
1 3 47 95 46 13
1 3 14 43 96 49
1 3 43 30 47 96
1 3 96 47 13 48
1 3 49 96 48 1
1 3 14 49 97 52
1 3 49 1 50 97
1 3 97 50 15 51
1 3 52 97 51 31
1 3 1 48 98 55
1 3 48 13 53 98
1 3 98 53 32 54
1 3 55 98 54 18
1 3 13 46 99 53
1 3 46 3 56 99
1 3 99 56 16 57
1 3 53 99 57 32
1 3 18 54 100 60
1 3 54 32 58 100
1 3 100 58 17 59
1 3 60 100 59 5
1 3 5 59 101 63
1 3 59 17 61 101
1 3 101 61 33 62
1 3 63 101 62 21
1 3 17 64 102 61
1 3 64 8 65 102
1 3 102 65 19 66
1 3 61 102 66 33
1 3 21 62 103 69
1 3 62 33 67 103
1 3 103 67 20 68
1 3 69 103 68 0
1 3 18 60 104 72
1 3 60 5 70 104
1 3 104 70 22 71
1 3 72 104 71 34
1 3 34 71 105 75
1 3 71 22 73 105
1 3 105 73 9 74
1 3 75 105 74 23
1 3 5 63 106 70
1 3 63 21 76 106
1 3 106 76 35 77
1 3 70 106 77 22
1 3 21 69 107 76
1 3 69 0 78 107
1 3 107 78 24 79
1 3 76 107 79 35
1 3 35 79 108 82
1 3 79 24 80 108
1 3 108 80 6 81
1 3 82 108 81 25
1 3 22 77 109 73
1 3 77 35 82 109
1 3 109 82 25 83
1 3 73 109 83 9
1 3 25 81 110 86
1 3 81 6 84 110
1 3 110 84 26 85
1 3 86 110 85 36
1 3 36 85 111 89
1 3 85 26 87 111
1 3 111 87 2 88
1 3 89 111 88 27
1 3 28 90 112 92
1 3 90 36 89 112
1 3 112 89 27 91
1 3 92 112 91 7

boundary
64
1 1 20 68
1 1 68 0
1 1 0 78
1 1 78 24
1 1 24 80
1 1 80 6
1 1 6 84
1 1 84 26
1 1 26 87
1 1 87 2
4 1 4 41
4 1 12 37
4 1 38 11
4 1 39 3
4 1 10 42
4 1 44 4
4 1 45 12
4 1 52 14
4 1 1 50
4 1 15 51
4 1 55 1
4 1 3 56
4 1 16 57
4 1 64 8
4 1 58 17
4 1 8 65
4 1 19 66
4 1 67 20
4 1 72 18
4 1 9 74
4 1 23 75
4 1 83 9
4 1 86 25
4 1 28 90
4 1 2 88
4 1 91 7
4 1 7 92
4 1 41 10
4 1 37 29
4 1 29 38
4 1 42 30
4 1 30 45
4 1 11 39
4 1 56 16
4 1 57 32
4 1 17 64
4 1 32 58
4 1 65 19
4 1 66 33
4 1 33 67
4 1 14 44
4 1 31 52
4 1 50 15
4 1 51 31
4 1 18 55
4 1 34 72
4 1 74 23
4 1 75 34
4 1 25 83
4 1 36 86
4 1 90 36
4 1 88 27
4 1 27 91
4 1 92 28

vertices
113
2
0.309017 0.951057
0.154508 0.475529
-0.0954915 1.24495
0.4045085 0.475529
0.077254 0.2377645
0.2317625 0.713293
0.10676275 1.0980035
-0.17274575 1.0071855
0.48176325 0.713293
0.029508375 0.86023925
0.20225413 0.2377645
0.52950875 0.475529
0.36588138 0.35664675
0.27950825 0.475529
0.115881 0.35664675
0.053381 0.549002
0.44313587 0.594411
0.35676287 0.713293
0.19313525 0.594411
0.52039062 0.832175
0.4340175 0.951057
0.27038975 0.832175
0.13063544 0.78676612
-0.0091188125 0.74135712
0.20788988 1.0245302
0.068135562 0.97912137
0.005635625 1.1714768
-0.13411862 1.1260678
-0.071618688 0.93371238
0.49088156 0.35664675
0.24088119 0.35664675
0.014754 0.43011981
0.31813556 0.594411
0.39539019 0.832175
0.092008219 0.66788406
0.16926266 0.90564819
-0.032991531 1.0525946
0.42838147 0.35664675
0.51019516 0.41608787
0.46700862 0.475529
0.38519494 0.41608787
0.13975406 0.2377645
0.22156766 0.29720563
0.17838109 0.35664675
0.0965675 0.29720563
0.30338128 0.35664675
0.34200838 0.475529
0.26019472 0.41608787
0.21700812 0.475529
0.1351945 0.41608787
0.1039445 0.5122655
0.0340675 0.48956091
0.0653175 0.39338328
0.29882191 0.53497
0.25563541 0.594411
0.17382162 0.53497
0.42382219 0.53497
0.38063572 0.594411
0.33744922 0.653852
0.29426269 0.713293
0.21244887 0.653852
0.37607653 0.772734
0.33288997 0.832175
0.25107612 0.772734
0.41926306 0.713293
0.50107694 0.772734
0.45789041 0.832175
0.41470384 0.891616
0.37151725 0.951057
0.28970337 0.891616
0.18119897 0.75002956
0.11132183 0.72732509
0.14257173 0.63114753
0.080071906 0.82350269
0.010194781 0.80079819
0.041444703 0.70462059
0.2198262 0.86891159
0.14994905 0.84620716
0.25845344 0.98779363
0.18857627 0.96508922
0.15732631 1.0612669
0.087449156 1.0385624
0.11869911 0.94238478
0.048821969 0.91968031
0.056199187 1.1347401
-0.013677953 1.1120357
0.017572016 1.015858
-0.044927938 1.2082134
-0.11480506 1.1855089
-0.083555078 1.0893312
-0.052305109 0.99315347
-0.15343219 1.0666266
-0.12218222 0.97044894
0.44769505 0.41608787
0.15906758 0.29720563
0.32269483 0.41608787
0.19769461 0.41608787
0.084631 0.45282439
0.23632177 0.53497
0.36132205 0.53497
0.27494905 0.653852
0.31357633 0.772734
0.43857673 0.772734
0.35220361 0.891616
0.16188535 0.69058855
0.060758305 0.76406164
0.20051259 0.80947058
0.23913982 0.92835261
0.13801271 1.0018258
0.099385508 0.88294373
0.036885602 1.075299
-0.064241508 1.1487723
-0.10286865 1.02989
