MFEM mesh v1.0

#
# MFEM Geometry Types (see fem/geom.hpp):
#
# POINT       = 0
# SEGMENT     = 1
# TRIANGLE    = 2
# SQUARE      = 3
# TETRAHEDRON = 4
# CUBE        = 5
# PRISM       = 6
#

dimension
2

elements
80
1 3 0 37 93 40
1 3 37 9 38 93
1 3 93 38 27 39
1 3 40 93 39 11
1 3 11 39 94 43
1 3 39 27 41 94
1 3 94 41 10 42
1 3 43 94 42 2
1 3 0 40 95 46
1 3 40 11 44 95
1 3 95 44 28 45
1 3 46 95 45 13
1 3 13 45 96 49
1 3 45 28 47 96
1 3 96 47 12 48
1 3 49 96 48 4
1 3 6 50 97 53
1 3 50 14 51 97
1 3 97 51 29 52
1 3 53 97 52 16
1 3 16 52 98 56
1 3 52 29 54 98
1 3 98 54 15 55
1 3 56 98 55 3
1 3 4 48 99 59
1 3 48 12 57 99
1 3 99 57 30 58
1 3 59 99 58 18
1 3 12 60 100 57
1 3 60 6 53 100
1 3 100 53 16 61
1 3 57 100 61 30
1 3 30 61 101 63
1 3 61 16 56 101
1 3 101 56 3 62
1 3 63 101 62 17
1 3 18 58 102 65
1 3 58 30 63 102
1 3 102 63 17 64
1 3 65 102 64 1
1 3 13 49 103 68
1 3 49 4 66 103
1 3 103 66 19 67
1 3 68 103 67 31
1 3 31 67 104 71
1 3 67 19 69 104
1 3 104 69 7 70
1 3 71 104 70 20
1 3 21 72 105 74
1 3 72 31 71 105
1 3 105 71 20 73
1 3 74 105 73 5
1 3 4 59 106 66
1 3 59 18 75 106
1 3 106 75 32 76
1 3 66 106 76 19
1 3 7 77 107 80
1 3 77 22 78 107
1 3 107 78 33 79
1 3 80 107 79 23
1 3 5 73 108 83
1 3 73 20 81 108
1 3 108 81 34 82
1 3 83 108 82 24
1 3 20 70 109 81
1 3 70 7 80 109
1 3 109 80 23 84
1 3 81 109 84 34
1 3 21 74 110 87
1 3 74 5 85 110
1 3 110 85 25 86
1 3 87 110 86 35
1 3 5 83 111 85
1 3 83 24 88 111
1 3 111 88 36 89
1 3 85 111 89 25
1 3 25 89 112 92
1 3 89 36 90 112
1 3 112 90 26 91
1 3 92 112 91 8

boundary
64
16 1 0 37
16 1 9 38
16 1 41 10
16 1 42 2
16 1 2 43
16 1 11 44
16 1 46 0
16 1 60 6
16 1 47 12
16 1 6 50
16 1 14 51
16 1 54 15
16 1 55 3
16 1 3 62
16 1 64 1
16 1 1 65
16 1 68 13
16 1 21 72
16 1 69 7
16 1 18 75
16 1 76 19
16 1 7 77
16 1 22 78
16 1 79 23
16 1 82 24
16 1 23 84
16 1 87 21
16 1 25 86
16 1 8 92
16 1 24 88
16 1 90 26
16 1 91 8
16 1 37 9
16 1 13 46
16 1 31 68
16 1 72 31
16 1 35 87
16 1 86 35
16 1 92 25
16 1 26 91
16 1 38 27
16 1 27 41
16 1 10 42
16 1 43 11
16 1 44 28
16 1 12 60
16 1 28 47
16 1 50 14
16 1 51 29
16 1 29 54
16 1 15 55
16 1 62 17
16 1 17 64
16 1 65 18
16 1 19 69
16 1 75 32
16 1 32 76
16 1 77 22
16 1 78 33
16 1 33 79
16 1 34 82
16 1 84 34
16 1 88 36
16 1 36 90

vertices
113
2
0 0
-0.404508 0.293893
0.077254 0.2377645
-0.327254 0.531657
-0.202254 0.1469465
-0.202254 -0.1469465
-0.125 0.38471075
-0.404508 0
-0.125 -0.3847105
0.125 0
0.20225413 0.2377645
0.038627 0.11888225
-0.163627 0.26582862
-0.101127 0.07347325
-0.086373 0.50359288
-0.288627 0.650539
-0.226127 0.45818388
-0.365881 0.412775
-0.303381 0.22041975
-0.303381 0.07347325
-0.303381 -0.07347325
-0.101127 -0.07347325
-0.505635 0.07347325
-0.505635 -0.07347325
-0.303381 -0.22041975
-0.163627 -0.2658285
-0.226127 -0.4581835
0.16362706 0.11888225
-0.0625 0.19235544
-0.1875 0.57706594
-0.264754 0.33930181
-0.202254 0
-0.404508 0.1469465
-0.606762 0
-0.404508 -0.1469465
-0.0625 -0.19235537
-0.264754 -0.33930162
0.0625 0
0.14431353 0.059441125
0.10112703 0.11888225
0.0193135 0.059441125
0.18294059 0.17832338
0.13975406 0.2377645
0.0579405 0.17832338
-0.0119365 0.15561884
-0.0818135 0.13291434
-0.0505635 0.036736625
-0.1130635 0.22909203
-0.1829405 0.20638756
-0.1516905 0.11020988
-0.1056865 0.44415181
-0.1369365 0.54032941
-0.2068135 0.51762491
-0.1755635 0.42144731
-0.2380635 0.61380247
-0.3079405 0.591098
-0.2766905 0.49492044
-0.2141905 0.30256522
-0.2840675 0.27986078
-0.2528175 0.18368313
-0.1443135 0.32526969
-0.2454405 0.39874284
-0.3465675 0.472216
-0.3153175 0.37603841
-0.3851945 0.353334
-0.3539445 0.25715637
-0.2528175 0.11020988
-0.2528175 0.036736625
-0.1516905 0.036736625
-0.3539445 0.036736625
-0.3539445 -0.036736625
-0.2528175 -0.036736625
-0.1516905 -0.036736625
-0.2528175 -0.11020988
-0.1516905 -0.11020988
-0.3539445 0.18368313
-0.3539445 0.11020988
-0.4550715 0.036736625
-0.5561985 0.036736625
-0.5561985 -0.036736625
-0.4550715 -0.036736625
-0.3539445 -0.11020988
-0.3539445 -0.18368313
-0.2528175 -0.18368313
-0.4550715 -0.11020988
-0.1829405 -0.2063875
-0.1130635 -0.22909194
-0.0818135 -0.13291431
-0.2840675 -0.27986069
-0.2141905 -0.30256506
-0.2454405 -0.39874256
-0.1755635 -0.421447
-0.1443135 -0.3252695
0.081813516 0.059441125
0.12044055 0.17832338
-0.03125 0.096177734
-0.132377 0.16965095
-0.15625 0.48088836
-0.257377 0.55436145
-0.233504 0.24312417
-0.194877 0.36200627
-0.296004 0.43547942
-0.334631 0.31659739
-0.202254 0.07347325
-0.303381 0
-0.202254 -0.07347325
-0.303381 0.1469465
-0.505635 0
-0.303381 -0.1469465
-0.404508 -0.07347325
-0.132377 -0.16965091
-0.233504 -0.24312409
-0.194877 -0.36200603
