MFEM mesh v1.0

#
# MFEM Geometry Types (see fem/geom.hpp):
#
# POINT       = 0
# SEGMENT     = 1
# TRIANGLE    = 2
# SQUARE      = 3
# TETRAHEDRON = 4
# CUBE        = 5
# PRISM       = 6
#

dimension
2

elements
80
1 3 23 31 81 34
1 3 31 8 32 81
1 3 81 32 2 33
1 3 34 81 33 9
1 3 10 35 82 37
1 3 35 23 34 82
1 3 82 34 9 36
1 3 37 82 36 3
1 3 24 38 83 40
1 3 38 10 37 83
1 3 83 37 3 39
1 3 40 83 39 11
1 3 12 41 84 43
1 3 41 24 40 84
1 3 84 40 11 42
1 3 43 84 42 1
1 3 8 44 85 32
1 3 44 25 45 85
1 3 85 45 13 46
1 3 32 85 46 2
1 3 2 46 86 49
1 3 46 13 47 86
1 3 86 47 26 48
1 3 49 86 48 14
1 3 1 42 87 52
1 3 42 11 50 87
1 3 87 50 27 51
1 3 52 87 51 18
1 3 11 39 88 50
1 3 39 3 53 88
1 3 88 53 16 54
1 3 50 88 54 27
1 3 27 54 89 57
1 3 54 16 55 89
1 3 89 55 7 56
1 3 57 89 56 17
1 3 18 51 90 59
1 3 51 27 57 90
1 3 90 57 17 58
1 3 59 90 58 6
1 3 3 36 91 53
1 3 36 9 60 91
1 3 91 60 28 61
1 3 53 91 61 16
1 3 9 33 92 60
1 3 33 2 49 92
1 3 92 49 14 62
1 3 60 92 62 28
1 3 28 62 93 65
1 3 62 14 63 93
1 3 93 63 4 64
1 3 65 93 64 19
1 3 16 61 94 55
1 3 61 28 65 94
1 3 94 65 19 66
1 3 55 94 66 7
1 3 7 66 95 69
1 3 66 19 67 95
1 3 95 67 29 68
1 3 69 95 68 21
1 3 19 64 96 67
1 3 64 4 70 96
1 3 96 70 15 71
1 3 67 96 71 29
1 3 29 71 97 74
1 3 71 15 72 97
1 3 97 72 0 73
1 3 74 97 73 20
1 3 21 68 98 76
1 3 68 29 74 98
1 3 98 74 20 75
1 3 76 98 75 5
1 3 17 56 99 78
1 3 56 7 69 99
1 3 99 69 21 77
1 3 78 99 77 30
1 3 30 77 100 80
1 3 77 21 76 100
1 3 100 76 5 79
1 3 80 100 79 22

boundary
40
1 1 0 73
1 1 73 20
1 1 20 75
1 1 75 5
1 1 5 79
1 1 79 22
15 1 10 35
15 1 31 8
15 1 12 41
15 1 38 10
15 1 1 43
15 1 8 44
15 1 45 13
15 1 13 47
15 1 48 14
15 1 63 4
15 1 4 70
15 1 72 0
15 1 52 1
15 1 58 6
15 1 6 59
15 1 78 17
15 1 22 80
15 1 35 23
15 1 41 24
15 1 24 38
15 1 23 31
15 1 44 25
15 1 43 12
15 1 18 52
15 1 17 58
15 1 59 18
15 1 30 78
15 1 80 30
15 1 25 45
15 1 47 26
15 1 26 48
15 1 14 63
15 1 70 15
15 1 15 72

vertices
101
2
-1.21352 -0.293892
-0.404508 -0.293893
-0.809016 0
-0.606762 -0.1469465
-1.011268 -0.146946
-1.0112685 -0.4408385
-0.6067625 -0.440839
-0.80901525 -0.2938925
-0.707889 0.07347325
-0.707889 -0.07347325
-0.505635 -0.07347325
-0.505635 -0.22041975
-0.303381 -0.22041975
-0.910142 0.07347325
-0.910142 -0.073473
-1.112394 -0.220419
-0.70788863 -0.2204195
-0.70788887 -0.36736575
-0.50563525 -0.367366
-0.91014162 -0.22041925
-1.1123942 -0.36736525
-0.91014187 -0.3673655
-0.91014275 -0.51431175
-0.606762 0
-0.404508 -0.1469465
-0.80901531 0.14694644
-1.0112684 1.875e-07
-0.60676194 -0.29389275
-0.80901531 -0.14694625
-1.0112679 -0.29389225
-0.80901581 -0.44083875
-0.6573255 0.036736625
-0.7584525 0.036736625
-0.7584525 -0.036736625
-0.6573255 -0.036736625
-0.5561985 -0.036736625
-0.6573255 -0.11020988
-0.5561985 -0.11020988
-0.4550715 -0.11020988
-0.5561985 -0.18368313
-0.4550715 -0.18368313
-0.3539445 -0.18368313
-0.4550715 -0.25715637
-0.3539445 -0.25715637
-0.75845216 0.11020984
-0.85957866 0.11020984
-0.859579 0.036736625
-0.96070519 0.036736719
-0.96070519 -0.036736406
-0.859579 -0.0367365
-0.55619847 -0.25715625
-0.55619859 -0.33062938
-0.45507162 -0.3306295
-0.65732531 -0.183683
-0.65732528 -0.25715613
-0.75845194 -0.257156
-0.75845206 -0.33062912
-0.65732541 -0.33062925
-0.65732569 -0.40410238
-0.55619887 -0.4041025
-0.75845216 -0.11020975
-0.75845197 -0.18368287
-0.85957866 -0.11020963
-0.960705 -0.1102095
-0.96070481 -0.18368262
-0.85957847 -0.18368275
-0.85957844 -0.25715588
-0.96070478 -0.25715575
-0.96070491 -0.33062887
-0.85957856 -0.330629
-1.061831 -0.1836825
-1.061831 -0.25715562
-1.162957 -0.2571555
-1.1629571 -0.33062863
-1.0618311 -0.33062875
-1.0618314 -0.40410187
-0.96070519 -0.404102
-0.85957884 -0.40410212
-0.75845234 -0.40410225
-0.96070562 -0.47757513
-0.85957928 -0.47757525
-0.707889 0
-0.606762 -0.07347325
-0.505635 -0.1469465
-0.404508 -0.22041975
-0.80901558 0.073473234
-0.91014209 1.09375e-07
-0.50563505 -0.29389287
-0.60676189 -0.22041963
-0.70788867 -0.29389263
-0.60676214 -0.36736588
-0.70788873 -0.14694638
-0.80901558 -0.073473125
-0.91014173 -0.14694612
-0.8090152 -0.22041938
-0.91014167 -0.29389237
-1.0112679 -0.22041912
-1.112394 -0.29389213
-1.0112681 -0.36736537
-0.80901545 -0.36736562
-0.91014223 -0.44083863
