MFEM mesh v1.0

#
# MFEM Geometry Types (see fem/geom.hpp):
#
# POINT       = 0
# SEGMENT     = 1
# TRIANGLE    = 2
# SQUARE      = 3
# TETRAHEDRON = 4
# CUBE        = 5
# PRISM       = 6
#

dimension
2

elements
80
1 3 25 31 81 34
1 3 31 10 32 81
1 3 81 32 1 33
1 3 34 81 33 11
1 3 12 35 82 37
1 3 35 25 34 82
1 3 82 34 11 36
1 3 37 82 36 4
1 3 3 38 83 41
1 3 38 13 39 83
1 3 83 39 26 40
1 3 41 83 40 16
1 3 13 42 84 39
1 3 42 4 43 84
1 3 84 43 14 44
1 3 39 84 44 26
1 3 26 44 85 47
1 3 44 14 45 85
1 3 85 45 8 46
1 3 47 85 46 15
1 3 16 40 86 49
1 3 40 26 47 86
1 3 86 47 15 48
1 3 49 86 48 7
1 3 4 36 87 43
1 3 36 11 50 87
1 3 87 50 27 51
1 3 43 87 51 14
1 3 11 33 88 50
1 3 33 1 52 88
1 3 88 52 17 53
1 3 50 88 53 27
1 3 27 53 89 56
1 3 53 17 54 89
1 3 89 54 5 55
1 3 56 89 55 18
1 3 14 51 90 45
1 3 51 27 56 90
1 3 90 56 18 57
1 3 45 90 57 8
1 3 8 57 91 60
1 3 57 18 58 91
1 3 91 58 28 59
1 3 60 91 59 21
1 3 18 55 92 58
1 3 55 5 61 92
1 3 92 61 19 62
1 3 58 92 62 28
1 3 28 62 93 65
1 3 62 19 63 93
1 3 93 63 0 64
1 3 65 93 64 20
1 3 21 59 94 67
1 3 59 28 65 94
1 3 94 65 20 66
1 3 67 94 66 6
1 3 7 48 95 70
1 3 48 15 68 95
1 3 95 68 29 69
1 3 70 95 69 23
1 3 15 46 96 68
1 3 46 8 60 96
1 3 96 60 21 71
1 3 68 96 71 29
1 3 29 71 97 73
1 3 71 21 67 97
1 3 97 67 6 72
1 3 73 97 72 22
1 3 23 69 98 75
1 3 69 29 73 98
1 3 98 73 22 74
1 3 75 98 74 2
1 3 9 76 99 78
1 3 76 3 41 99
1 3 99 41 16 77
1 3 78 99 77 30
1 3 30 77 100 80
1 3 77 16 49 100
1 3 100 49 7 79
1 3 80 100 79 24

boundary
40
1 1 1 52
1 1 52 17
1 1 17 54
1 1 54 5
1 1 5 61
1 1 61 19
1 1 19 63
1 1 63 0
1 1 0 64
1 1 64 20
1 1 20 66
1 1 66 6
1 1 6 72
1 1 72 22
1 1 22 74
1 1 74 2
1 1 10 32
1 1 32 1
12 1 76 3
12 1 12 35
12 1 31 10
12 1 4 37
12 1 42 4
12 1 3 38
12 1 70 7
12 1 2 75
12 1 78 9
12 1 7 79
12 1 24 80
12 1 9 76
12 1 35 25
12 1 25 31
12 1 37 12
12 1 13 42
12 1 38 13
12 1 23 70
12 1 75 23
12 1 79 24
12 1 80 30
12 1 30 78

vertices
101
2
-0.5 -1.53884
-0.654508 -1.06331
-0.0954915 -1.24495
-0.25 -0.76942
-0.452254 -0.916365
-0.577254 -1.301075
-0.29774575 -1.391895
-0.17274575 -1.007185
-0.37499987 -1.15413
-0.148873 -0.69594725
-0.69313525 -0.94442875
-0.553381 -0.9898375
-0.49088113 -0.7974835
-0.351127 -0.8428925
-0.41362694 -1.0352475
-0.27387281 -1.0806575
-0.21137288 -0.8883025
-0.615881 -1.1821925
-0.47612694 -1.2276025
-0.538627 -1.4199575
-0.39887288 -1.4653675
-0.33637281 -1.2730125
-0.19661863 -1.3184225
-0.13411862 -1.1260675
-0.071618688 -0.933712
-0.59200819 -0.87095612
-0.31249991 -0.961775
-0.51475397 -1.10872
-0.43749991 -1.346485
-0.23524572 -1.19954
-0.11024584 -0.81482963
-0.64257172 -0.90769244
-0.67382162 -1.0038694
-0.6039445 -1.0265737
-0.57269459 -0.93039681
-0.54144466 -0.83421981
-0.5028175 -0.95310125
-0.47156756 -0.85692425
-0.3005635 -0.80615625
-0.33181345 -0.90233375
-0.26193639 -0.92503875
-0.23068644 -0.82886125
-0.4016905 -0.87962875
-0.43294047 -0.97580625
-0.36306342 -0.99851125
-0.39431341 -1.0946887
-0.32443634 -1.1173938
-0.29318636 -1.0212163
-0.22330928 -1.0439212
-0.19205931 -0.94774375
-0.53406748 -1.0492788
-0.46419045 -1.0719838
-0.6351945 -1.1227512
-0.56531748 -1.1454563
-0.5965675 -1.2416338
-0.52669047 -1.2643388
-0.49544045 -1.1681613
-0.42556341 -1.1908663
-0.45681342 -1.2870438
-0.38693636 -1.3097488
-0.35568634 -1.2135713
-0.5579405 -1.3605162
-0.48806345 -1.3832213
-0.5193135 -1.4793988
-0.44943644 -1.5021037
-0.41818639 -1.4059262
-0.34830931 -1.4286313
-0.31705928 -1.3324537
-0.25455927 -1.1400987
-0.18468217 -1.1628038
-0.15343219 -1.0666263
-0.28580927 -1.2362762
-0.24718219 -1.3551587
-0.21593217 -1.2589813
-0.14605506 -1.2816862
-0.11480506 -1.1855087
-0.1994365 -0.73268362
-0.16080936 -0.85156606
-0.12955942 -0.75538844
-0.12218222 -0.9704485
-0.090932266 -0.87427081
-0.62325811 -0.96713309
-0.52213108 -0.89366053
-0.28124995 -0.8655975
-0.38237696 -0.93907
-0.34374988 -1.0579525
-0.24262284 -0.98448
-0.48350398 -1.0125425
-0.58463099 -1.086015
-0.54600398 -1.2048975
-0.44487693 -1.131425
-0.40624988 -1.2503075
-0.50737696 -1.32378
-0.46874995 -1.4426625
-0.36762284 -1.36919
-0.20399573 -1.1033625
-0.3051228 -1.176835
-0.26649573 -1.2957175
-0.16536862 -1.222245
-0.18012293 -0.79212484
-0.14149579 -0.91100728
