MFEM mesh v1.0

#
# MFEM Geometry Types (see fem/geom.hpp):
#
# POINT       = 0
# SEGMENT     = 1
# TRIANGLE    = 2
# SQUARE      = 3
# TETRAHEDRON = 4
# CUBE        = 5
# PRISM       = 6
#

dimension
2

elements
100
1 3 2 37 98 40
1 3 37 12 38 98
1 3 98 38 29 39
1 3 40 98 39 15
1 3 29 41 99 44
1 3 41 13 42 99
1 3 99 42 8 43
1 3 44 99 43 14
1 3 15 39 100 46
1 3 39 29 44 100
1 3 100 44 14 45
1 3 46 100 45 6
1 3 30 47 101 50
1 3 47 16 48 101
1 3 101 48 4 49
1 3 50 101 49 17
1 3 13 51 102 42
1 3 51 30 50 102
1 3 102 50 17 52
1 3 42 102 52 8
1 3 8 52 103 55
1 3 52 17 53 103
1 3 103 53 31 54
1 3 55 103 54 20
1 3 17 49 104 53
1 3 49 4 56 104
1 3 104 56 18 57
1 3 53 104 57 31
1 3 31 57 105 60
1 3 57 18 58 105
1 3 105 58 0 59
1 3 60 105 59 19
1 3 20 54 106 62
1 3 54 31 60 106
1 3 106 60 19 61
1 3 62 106 61 5
1 3 6 45 107 65
1 3 45 14 63 107
1 3 107 63 32 64
1 3 65 107 64 22
1 3 14 43 108 63
1 3 43 8 55 108
1 3 108 55 20 66
1 3 63 108 66 32
1 3 32 66 109 68
1 3 66 20 62 109
1 3 109 62 5 67
1 3 68 109 67 21
1 3 22 64 110 70
1 3 64 32 68 110
1 3 110 68 21 69
1 3 70 110 69 1
1 3 11 71 111 74
1 3 71 3 72 111
1 3 111 72 23 73
1 3 74 111 73 33
1 3 33 73 112 77
1 3 73 23 75 112
1 3 112 75 9 76
1 3 77 112 76 24
1 3 3 78 113 72
1 3 78 10 79 113
1 3 113 79 34 80
1 3 72 113 80 23
1 3 10 81 114 79
1 3 81 2 40 114
1 3 114 40 15 82
1 3 79 114 82 34
1 3 34 82 115 84
1 3 82 15 46 115
1 3 115 46 6 83
1 3 84 115 83 25
1 3 23 80 116 75
1 3 80 34 84 116
1 3 116 84 25 85
1 3 75 116 85 9
1 3 9 85 117 88
1 3 85 25 86 117
1 3 117 86 35 87
1 3 88 117 87 27
1 3 25 83 118 86
1 3 83 6 65 118
1 3 118 65 22 89
1 3 86 118 89 35
1 3 35 89 119 91
1 3 89 22 70 119
1 3 119 70 1 90
1 3 91 119 90 26
1 3 27 87 120 93
1 3 87 35 91 120
1 3 120 91 26 92
1 3 93 120 92 7
1 3 24 76 121 95
1 3 76 9 88 121
1 3 121 88 27 94
1 3 95 121 94 36
1 3 36 94 122 97
1 3 94 27 93 122
1 3 122 93 7 96
1 3 97 122 96 28

boundary
44
1 1 1 90
1 1 90 26
1 1 26 92
1 1 92 7
1 1 7 96
1 1 96 28
1 1 16 48
1 1 48 4
1 1 4 56
1 1 56 18
1 1 18 58
1 1 58 0
1 1 0 59
1 1 59 19
1 1 19 61
1 1 61 5
1 1 5 67
1 1 67 21
1 1 21 69
1 1 69 1
2 1 81 2
2 1 3 78
2 1 71 3
2 1 2 37
2 1 12 38
2 1 41 13
2 1 13 51
2 1 47 16
2 1 74 11
2 1 24 77
2 1 95 24
2 1 28 97
2 1 10 81
2 1 78 10
2 1 11 71
2 1 37 12
2 1 38 29
2 1 29 41
2 1 51 30
2 1 30 47
2 1 33 74
2 1 77 33
2 1 36 95
2 1 97 36

vertices
123
2
1.30902 0.951057
0.809019 0.951057
0.654509 0.475529
0.4045085 0.475529
1.231765 0.713293
1.0590195 0.951057
0.731764 0.713293
0.559018 0.951057
0.9817645 0.713293
0.48176325 0.713293
0.52950875 0.475529
0.27950825 0.475529
0.77950925 0.475529
0.943137 0.594411
0.85676425 0.713293
0.6931365 0.594411
1.1931375 0.594411
1.1067647 0.713293
1.2703925 0.832175
1.1840198 0.951057
1.020392 0.832175
0.93401925 0.951057
0.7703915 0.832175
0.44313587 0.594411
0.35676287 0.713293
0.60676363 0.713293
0.6840185 0.951057
0.52039062 0.832175
0.4340175 0.951057
0.81813675 0.594411
1.0681372 0.594411
1.1453923 0.832175
0.89539175 0.832175
0.31813556 0.594411
0.56813619 0.594411
0.64539106 0.832175
0.39539019 0.832175
0.71700913 0.475529
0.798823 0.53497
0.75563663 0.594411
0.67382275 0.53497
0.88063687 0.594411
0.96245075 0.653852
0.91926438 0.713293
0.8374505 0.653852
0.79426413 0.713293
0.71245025 0.653852
1.1306374 0.594411
1.2124512 0.653852
1.1692649 0.713293
1.087451 0.653852
1.0056371 0.594411
1.0442646 0.713293
1.1260785 0.772734
1.0828921 0.832175
1.0010782 0.772734
1.2510788 0.772734
1.2078924 0.832175
1.2897063 0.891616
1.2465199 0.951057
1.164706 0.891616
1.1215196 0.951057
1.0397057 0.891616
0.876078 0.772734
0.83289163 0.832175
0.75107775 0.772734
0.95789188 0.832175
0.99651937 0.951057
0.9147055 0.891616
0.87151913 0.951057
0.78970525 0.891616
0.34200838 0.475529
0.42382219 0.53497
0.38063572 0.594411
0.29882191 0.53497
0.46244956 0.653852
0.41926306 0.713293
0.33744922 0.653852
0.46700862 0.475529
0.54882247 0.53497
0.50563603 0.594411
0.59200887 0.475529
0.63063634 0.594411
0.66926381 0.713293
0.58744991 0.653852
0.54426344 0.713293
0.62607734 0.772734
0.58289084 0.832175
0.50107694 0.772734
0.70789128 0.832175
0.74651875 0.951057
0.66470478 0.891616
0.62151825 0.951057
0.53970431 0.891616
0.45789041 0.832175
0.37607653 0.772734
0.49651775 0.951057
0.41470384 0.891616
0.73632288 0.53497
0.89995063 0.653852
0.77495038 0.653852
1.1499511 0.653852
1.0249509 0.653852
1.0635784 0.772734
1.1885786 0.772734
1.2272061 0.891616
1.1022059 0.891616
0.81357788 0.772734
0.93857813 0.772734
0.97720562 0.891616
0.85220538 0.891616
0.36132205 0.53497
0.39994939 0.653852
0.48632233 0.53497
0.61132261 0.53497
0.64995008 0.653852
0.52494973 0.653852
0.56357714 0.772734
0.68857755 0.772734
0.72720502 0.891616
0.60220455 0.891616
0.43857673 0.772734
0.47720408 0.891616
