MFEM mesh v1.0

#
# MFEM Geometry Types (see fem/geom.hpp):
#
# POINT       = 0
# SEGMENT     = 1
# TRIANGLE    = 2
# SQUARE      = 3
# TETRAHEDRON = 4
# CUBE        = 5
# PRISM       = 6
#

dimension
2

elements
216
1 3 19 71 195 74
1 3 71 53 72 195
1 3 195 72 18 73
1 3 74 195 73 6
1 3 6 73 196 77
1 3 73 18 75 196
1 3 196 75 54 76
1 3 77 196 76 21
1 3 21 76 197 80
1 3 76 54 78 197
1 3 197 78 20 79
1 3 80 197 79 2
1 3 19 74 198 83
1 3 74 6 81 198
1 3 198 81 22 82
1 3 83 198 82 55
1 3 55 82 199 86
1 3 82 22 84 199
1 3 199 84 15 85
1 3 86 199 85 23
1 3 6 77 200 81
1 3 77 21 87 200
1 3 200 87 56 88
1 3 81 200 88 22
1 3 21 80 201 87
1 3 80 2 89 201
1 3 201 89 24 90
1 3 87 201 90 56
1 3 56 90 202 93
1 3 90 24 91 202
1 3 202 91 7 92
1 3 93 202 92 25
1 3 22 88 203 84
1 3 88 56 93 203
1 3 203 93 25 94
1 3 84 203 94 15
1 3 15 94 204 97
1 3 94 25 95 204
1 3 204 95 57 96
1 3 97 204 96 28
1 3 25 92 205 95
1 3 92 7 98 205
1 3 205 98 26 99
1 3 95 205 99 57
1 3 57 99 206 102
1 3 99 26 100 206
1 3 206 100 5 101
1 3 102 206 101 27
1 3 28 96 207 104
1 3 96 57 102 207
1 3 207 102 27 103
1 3 104 207 103 8
1 3 23 85 208 106
1 3 85 15 97 208
1 3 208 97 28 105
1 3 106 208 105 58
1 3 2 79 209 109
1 3 79 20 107 209
1 3 209 107 59 108
1 3 109 209 108 30
1 3 30 108 210 112
1 3 108 59 110 210
1 3 210 110 29 111
1 3 112 210 111 9
1 3 9 111 211 115
1 3 111 29 113 211
1 3 211 113 60 114
1 3 115 211 114 32
1 3 32 114 212 118
1 3 114 60 116 212
1 3 212 116 31 117
1 3 118 212 117 0
1 3 2 109 213 89
1 3 109 30 119 213
1 3 213 119 61 120
1 3 89 213 120 24
1 3 30 112 214 119
1 3 112 9 121 214
1 3 214 121 33 122
1 3 119 214 122 61
1 3 61 122 215 125
1 3 122 33 123 215
1 3 215 123 16 124
1 3 125 215 124 34
1 3 24 120 216 91
1 3 120 61 125 216
1 3 216 125 34 126
1 3 91 216 126 7
1 3 9 115 217 121
1 3 115 32 127 217
1 3 217 127 62 128
1 3 121 217 128 33
1 3 32 118 218 127
1 3 118 0 129 218
1 3 218 129 35 130
1 3 127 218 130 62
1 3 62 130 219 133
1 3 130 35 131 219
1 3 219 131 10 132
1 3 133 219 132 36
1 3 33 128 220 123
1 3 128 62 133 220
1 3 220 133 36 134
1 3 123 220 134 16
1 3 16 134 221 137
1 3 134 36 135 221
1 3 221 135 63 136
1 3 137 221 136 39
1 3 36 132 222 135
1 3 132 10 138 222
1 3 222 138 37 139
1 3 135 222 139 63
1 3 63 139 223 142
1 3 139 37 140 223
1 3 223 140 3 141
1 3 142 223 141 38
1 3 39 136 224 144
1 3 136 63 142 224
1 3 224 142 38 143
1 3 144 224 143 11
1 3 7 126 225 98
1 3 126 34 145 225
1 3 225 145 64 146
1 3 98 225 146 26
1 3 34 124 226 145
1 3 124 16 137 226
1 3 226 137 39 147
1 3 145 226 147 64
1 3 64 147 227 149
1 3 147 39 144 227
1 3 227 144 11 148
1 3 149 227 148 40
1 3 26 146 228 100
1 3 146 64 149 228
1 3 228 149 40 150
1 3 100 228 150 5
1 3 5 150 229 153
1 3 150 40 151 229
1 3 229 151 65 152
1 3 153 229 152 43
1 3 40 148 230 151
1 3 148 11 154 230
1 3 230 154 41 155
1 3 151 230 155 65
1 3 65 155 231 158
1 3 155 41 156 231
1 3 231 156 17 157
1 3 158 231 157 42
1 3 43 152 232 160
1 3 152 65 158 232
1 3 232 158 42 159
1 3 160 232 159 14
1 3 11 143 233 154
1 3 143 38 161 233
1 3 233 161 66 162
1 3 154 233 162 41
1 3 38 141 234 161
1 3 141 3 163 234
1 3 234 163 44 164
1 3 161 234 164 66
1 3 66 164 235 167
1 3 164 44 165 235
1 3 235 165 12 166
1 3 167 235 166 45
1 3 41 162 236 156
1 3 162 66 167 236
1 3 236 167 45 168
1 3 156 236 168 17
1 3 17 168 237 171
1 3 168 45 169 237
1 3 237 169 67 170
1 3 171 237 170 48
1 3 45 166 238 169
1 3 166 12 172 238
1 3 238 172 46 173
1 3 169 238 173 67
1 3 67 173 239 176
1 3 173 46 174 239
1 3 239 174 1 175
1 3 176 239 175 47
1 3 48 170 240 178
1 3 170 67 176 240
1 3 240 176 47 177
1 3 178 240 177 13
1 3 14 159 241 181
1 3 159 42 179 241
1 3 241 179 68 180
1 3 181 241 180 50
1 3 42 157 242 179
1 3 157 17 171 242
1 3 242 171 48 182
1 3 179 242 182 68
1 3 68 182 243 184
1 3 182 48 178 243
1 3 243 178 13 183
1 3 184 243 183 49
1 3 50 180 244 186
1 3 180 68 184 244
1 3 244 184 49 185
1 3 186 244 185 4
1 3 27 101 245 188
1 3 101 5 153 245
1 3 245 153 43 187
1 3 188 245 187 69
1 3 69 187 246 190
1 3 187 43 160 246
1 3 246 160 14 189
1 3 190 246 189 51
1 3 51 189 247 192
1 3 189 14 181 247
1 3 247 181 50 191
1 3 192 247 191 70
1 3 70 191 248 194
1 3 191 50 186 248
1 3 248 186 4 193
1 3 194 248 193 52

boundary
64
1 1 31 117
1 1 117 0
1 1 4 193
1 1 193 52
1 1 3 163
1 1 163 44
1 1 44 165
1 1 165 12
1 1 12 172
1 1 172 46
1 1 46 174
1 1 174 1
1 1 1 175
1 1 175 47
1 1 47 177
1 1 177 13
1 1 13 183
1 1 183 49
1 1 49 185
1 1 185 4
1 1 0 129
1 1 129 35
1 1 35 131
1 1 131 10
1 1 10 138
1 1 138 37
1 1 37 140
1 1 140 3
3 1 19 71
3 1 72 18
3 1 18 75
3 1 78 20
3 1 83 19
3 1 23 86
3 1 103 8
3 1 8 104
3 1 106 23
3 1 28 105
3 1 20 107
3 1 110 29
3 1 29 113
3 1 116 31
3 1 188 27
3 1 51 190
3 1 192 51
3 1 52 194
3 1 71 53
3 1 55 83
3 1 86 55
3 1 58 106
3 1 53 72
3 1 75 54
3 1 54 78
3 1 107 59
3 1 59 110
3 1 113 60
3 1 60 116
3 1 27 103
3 1 104 28
3 1 105 58
3 1 69 188
3 1 190 69
3 1 70 192
3 1 194 70

vertices
249
2
0.309017 0.951057
-0.5 1.53884
0.154508 0.475529
-0.0954915 1.24495
-0.654508 1.06331
-0.25 0.769421
0.077254 0.2377645
-0.047746 0.622475
-0.327254 0.531657
0.2317625 0.713293
0.10676275 1.0980035
-0.17274575 1.0071855
-0.29774575 1.391895
-0.577254 1.301075
-0.452254 0.9163655
-0.125 0.38471075
0.029508375 0.86023925
-0.37499987 1.1541303
0.20225413 0.2377645
0.038627 0.11888225
0.27950825 0.475529
0.115881 0.35664675
-0.023873 0.31123762
-0.163627 0.26582862
0.053381 0.549002
-0.086373 0.50359288
-0.148873 0.695948
-0.288627 0.650539
-0.226127 0.45818388
0.35676287 0.713293
0.19313525 0.594411
0.4340175 0.951057
0.27038975 0.832175
0.13063544 0.78676612
-0.0091188125 0.74135712
0.20788988 1.0245302
0.068135562 0.97912137
0.005635625 1.1714768
-0.13411862 1.1260678
-0.071618688 0.93371238
-0.21137288 0.88830325
-0.27387281 1.0806579
-0.41362694 1.0352479
-0.351127 0.84289325
-0.19661863 1.3184225
-0.33637281 1.2730126
-0.39887288 1.4653675
-0.538627 1.4199575
-0.47612694 1.2276026
-0.615881 1.1821925
-0.553381 0.98983775
-0.49088113 0.79748387
-0.69313525 0.94442875
0.16362706 0.11888225
0.24088119 0.35664675
-0.0625 0.19235544
0.014754 0.43011981
-0.1875 0.57706594
-0.264754 0.33930181
0.31813556 0.594411
0.39539019 0.832175
0.092008219 0.66788406
0.16926266 0.90564819
-0.032991531 1.0525946
-0.11024584 0.81483019
-0.31249991 0.96177556
-0.23524572 1.1995402
-0.43749991 1.3464851
-0.51475397 1.1087202
-0.38975406 0.72401144
-0.59200819 0.87095631
0.10112703 0.11888225
0.18294059 0.17832338
0.13975406 0.2377645
0.0579405 0.17832338
0.22156766 0.29720563
0.17838109 0.35664675
0.0965675 0.29720563
0.26019472 0.41608787
0.21700812 0.475529
0.1351945 0.41608787
0.0266905 0.27450106
-0.0431865 0.25179653
-0.0119365 0.15561884
-0.0744365 0.34797419
-0.1443135 0.32526969
-0.1130635 0.22909203
0.0653175 0.39338328
-0.0045595 0.37067872
0.1039445 0.5122655
0.0340675 0.48956091
0.0028175 0.5857385
-0.0670595 0.56303394
-0.0358095 0.46685634
-0.1056865 0.44415181
-0.1369365 0.54032941
-0.2068135 0.51762491
-0.1755635 0.42144731
-0.0983095 0.6592115
-0.1681865 0.63650697
-0.1994365 0.7326845
-0.2693135 0.70998
-0.2380635 0.61380247
-0.3079405 0.591098
-0.2766905 0.49492044
-0.2454405 0.39874284
-0.2141905 0.30256522
0.29882191 0.53497
0.25563541 0.594411
0.17382162 0.53497
0.33744922 0.653852
0.29426269 0.713293
0.21244887 0.653852
0.37607653 0.772734
0.33288997 0.832175
0.25107612 0.772734
0.41470384 0.891616
0.37151725 0.951057
0.28970337 0.891616
0.14257173 0.63114753
0.072694609 0.60844303
0.18119897 0.75002956
0.11132183 0.72732509
0.080071906 0.82350269
0.010194781 0.80079819
0.041444703 0.70462059
-0.028432406 0.68191606
0.2198262 0.86891159
0.14994905 0.84620716
0.25845344 0.98779363
0.18857627 0.96508922
0.15732631 1.0612669
0.087449156 1.0385624
0.11869911 0.94238478
0.048821969 0.91968031
0.017572016 1.015858
-0.052305109 0.99315347
-0.021055156 0.89697581
0.056199187 1.1347401
-0.013677953 1.1120357
-0.044927938 1.2082134
-0.11480506 1.1855089
-0.083555078 1.0893312
-0.15343219 1.0666266
-0.12218222 0.97044894
-0.059682328 0.77809366
-0.12955942 0.75538909
-0.090932266 0.87427128
-0.19205931 0.94774438
-0.16080936 0.85156672
-0.23068644 0.82886213
-0.26193639 0.92503941
-0.33181345 0.90233441
-0.3005635 0.80615712
-0.22330928 1.0439217
-0.29318636 1.0212167
-0.32443634 1.1173941
-0.39431341 1.0946891
-0.36306342 0.99851172
-0.43294047 0.97580669
-0.4016905 0.87962937
-0.18468217 1.162804
-0.25455927 1.140099
-0.14605506 1.2816862
-0.21593217 1.2589813
-0.24718219 1.3551587
-0.31705928 1.3324538
-0.28580927 1.2362764
-0.35568634 1.2135714
-0.38693636 1.3097488
-0.45681342 1.2870438
-0.42556341 1.1908664
-0.34830931 1.4286313
-0.41818639 1.4059263
-0.44943644 1.5021037
-0.5193135 1.4793988
-0.48806345 1.3832213
-0.5579405 1.3605162
-0.52669047 1.2643388
-0.46419045 1.071984
-0.53406748 1.049279
-0.5028175 0.95310162
-0.49544045 1.1681614
-0.5965675 1.2416338
-0.56531748 1.1454563
-0.6351945 1.1227512
-0.6039445 1.0265739
-0.37044053 0.78345234
-0.33919053 0.68727522
-0.47156756 0.85692469
-0.44031759 0.76074766
-0.57269459 0.93039703
-0.54144466 0.83422009
-0.67382162 1.0038694
-0.64257172 0.90769253
0.12044055 0.17832338
0.15906758 0.29720563
0.19769461 0.41608787
0.007377 0.21505995
-0.09375 0.28853311
0.046004 0.33394217
0.084631 0.45282439
-0.016496 0.52629742
-0.055123 0.40741527
-0.15625 0.48088836
-0.117623 0.59977045
-0.21875 0.67324348
-0.257377 0.55436145
-0.194877 0.36200627
0.23632177 0.53497
0.27494905 0.653852
0.31357633 0.772734
0.35220361 0.891616
0.12325812 0.57170652
0.16188535 0.69058855
0.060758305 0.76406164
0.022131102 0.64517955
0.20051259 0.80947058
0.23913982 0.92835261
0.13801271 1.0018258
0.099385508 0.88294373
-0.0017415703 0.95641689
0.036885602 1.075299
-0.064241508 1.1487723
-0.10286865 1.02989
-0.078995914 0.71865258
-0.040368742 0.83753473
-0.14149579 0.91100783
-0.18012293 0.79212561
-0.28124995 0.86559827
-0.24262284 0.98448055
-0.34374988 1.0579529
-0.38237696 0.93907055
-0.20399573 1.1033628
-0.16536862 1.2222451
-0.26649573 1.2957176
-0.3051228 1.1768352
-0.40624988 1.2503076
-0.36762284 1.36919
-0.46874995 1.4426625
-0.50737696 1.32378
-0.48350398 1.0125428
-0.44487693 1.1314252
-0.54600398 1.2048976
-0.58463099 1.0860151
-0.31987702 0.74671617
-0.42100405 0.82018852
-0.52213108 0.89366086
-0.62325811 0.9671332
