MFEM mesh v1.0

#
# MFEM Geometry Types (see fem/geom.hpp):
#
# POINT       = 0
# SEGMENT     = 1
# TRIANGLE    = 2
# SQUARE      = 3
# TETRAHEDRON = 4
# CUBE        = 5
# PRISM       = 6
#

dimension
2

elements
208
1 3 19 69 189 72
1 3 69 6 70 189
1 3 189 70 20 71
1 3 72 189 71 53
1 3 6 73 190 70
1 3 73 21 74 190
1 3 190 74 54 75
1 3 70 190 75 20
1 3 21 76 191 74
1 3 76 2 77 191
1 3 191 77 22 78
1 3 74 191 78 54
1 3 55 79 192 82
1 3 79 23 80 192
1 3 192 80 15 81
1 3 82 192 81 24
1 3 19 83 193 69
1 3 83 55 82 193
1 3 193 82 24 84
1 3 69 193 84 6
1 3 23 85 194 80
1 3 85 56 86 194
1 3 194 86 25 87
1 3 80 194 87 15
1 3 15 87 195 90
1 3 87 25 88 195
1 3 195 88 57 89
1 3 90 195 89 28
1 3 25 91 196 88
1 3 91 7 92 196
1 3 196 92 26 93
1 3 88 196 93 57
1 3 57 93 197 96
1 3 93 26 94 197
1 3 197 94 5 95
1 3 96 197 95 27
1 3 28 89 198 98
1 3 89 57 96 198
1 3 198 96 27 97
1 3 98 198 97 8
1 3 6 84 199 73
1 3 84 24 99 199
1 3 199 99 58 100
1 3 73 199 100 21
1 3 24 81 200 99
1 3 81 15 90 200
1 3 200 90 28 101
1 3 99 200 101 58
1 3 58 101 201 103
1 3 101 28 98 201
1 3 201 98 8 102
1 3 103 201 102 29
1 3 21 100 202 76
1 3 100 58 103 202
1 3 202 103 29 104
1 3 76 202 104 2
1 3 59 105 203 108
1 3 105 33 106 203
1 3 203 106 3 107
1 3 108 203 107 34
1 3 35 109 204 111
1 3 109 59 108 204
1 3 204 108 34 110
1 3 111 204 110 10
1 3 7 112 205 92
1 3 112 32 113 205
1 3 205 113 60 114
1 3 92 205 114 26
1 3 32 115 206 113
1 3 115 16 116 206
1 3 206 116 35 117
1 3 113 206 117 60
1 3 60 117 207 119
1 3 117 35 111 207
1 3 207 111 10 118
1 3 119 207 118 36
1 3 26 114 208 94
1 3 114 60 119 208
1 3 208 119 36 120
1 3 94 208 120 5
1 3 5 120 209 123
1 3 120 36 121 209
1 3 209 121 61 122
1 3 123 209 122 39
1 3 36 118 210 121
1 3 118 10 124 210
1 3 210 124 37 125
1 3 121 210 125 61
1 3 61 125 211 128
1 3 125 37 126 211
1 3 211 126 17 127
1 3 128 211 127 38
1 3 39 122 212 130
1 3 122 61 128 212
1 3 212 128 38 129
1 3 130 212 129 13
1 3 10 110 213 124
1 3 110 34 131 213
1 3 213 131 62 132
1 3 124 213 132 37
1 3 34 107 214 131
1 3 107 3 133 214
1 3 214 133 40 134
1 3 131 214 134 62
1 3 62 134 215 137
1 3 134 40 135 215
1 3 215 135 11 136
1 3 137 215 136 41
1 3 37 132 216 126
1 3 132 62 137 216
1 3 216 137 41 138
1 3 126 216 138 17
1 3 17 138 217 141
1 3 138 41 139 217
1 3 217 139 63 140
1 3 141 217 140 44
1 3 41 136 218 139
1 3 136 11 142 218
1 3 218 142 42 143
1 3 139 218 143 63
1 3 63 143 219 146
1 3 143 42 144 219
1 3 219 144 1 145
1 3 146 219 145 43
1 3 44 140 220 148
1 3 140 63 146 220
1 3 220 146 43 147
1 3 148 220 147 12
1 3 13 129 221 151
1 3 129 38 149 221
1 3 221 149 64 150
1 3 151 221 150 46
1 3 38 127 222 149
1 3 127 17 141 222
1 3 222 141 44 152
1 3 149 222 152 64
1 3 64 152 223 154
1 3 152 44 148 223
1 3 223 148 12 153
1 3 154 223 153 45
1 3 46 150 224 156
1 3 150 64 154 224
1 3 224 154 45 155
1 3 156 224 155 4
1 3 2 104 225 159
1 3 104 29 157 225
1 3 225 157 65 158
1 3 159 225 158 30
1 3 29 102 226 157
1 3 102 8 160 226
1 3 226 160 47 161
1 3 157 226 161 65
1 3 65 161 227 164
1 3 161 47 162 227
1 3 227 162 18 163
1 3 164 227 163 48
1 3 30 158 228 166
1 3 158 65 164 228
1 3 228 164 48 165
1 3 166 228 165 9
1 3 8 97 229 160
1 3 97 27 167 229
1 3 229 167 66 168
1 3 160 229 168 47
1 3 27 95 230 167
1 3 95 5 123 230
1 3 230 123 39 169
1 3 167 230 169 66
1 3 66 169 231 171
1 3 169 39 130 231
1 3 231 130 13 170
1 3 171 231 170 49
1 3 47 168 232 162
1 3 168 66 171 232
1 3 232 171 49 172
1 3 162 232 172 18
1 3 18 172 233 175
1 3 172 49 173 233
1 3 233 173 67 174
1 3 175 233 174 51
1 3 49 170 234 173
1 3 170 13 151 234
1 3 234 151 46 176
1 3 173 234 176 67
1 3 67 176 235 178
1 3 176 46 156 235
1 3 235 156 4 177
1 3 178 235 177 50
1 3 51 174 236 180
1 3 174 67 178 236
1 3 236 178 50 179
1 3 180 236 179 14
1 3 9 165 237 183
1 3 165 48 181 237
1 3 237 181 68 182
1 3 183 237 182 31
1 3 48 163 238 181
1 3 163 18 175 238
1 3 238 175 51 184
1 3 181 238 184 68
1 3 68 184 239 186
1 3 184 51 180 239
1 3 239 180 14 185
1 3 186 239 185 52
1 3 31 182 240 188
1 3 182 68 186 240
1 3 240 186 52 187
1 3 188 240 187 0

boundary
64
1 1 4 177
1 1 177 50
1 1 50 179
1 1 179 14
1 1 14 185
1 1 185 52
1 1 52 187
1 1 187 0
1 1 3 133
1 1 133 40
1 1 40 135
1 1 135 11
1 1 11 142
1 1 142 42
1 1 42 144
1 1 144 1
1 1 1 145
1 1 145 43
1 1 43 147
1 1 147 12
1 1 12 153
1 1 153 45
1 1 45 155
1 1 155 4
1 1 33 106
1 1 106 3
2 1 72 19
2 1 20 71
2 1 75 20
2 1 2 77
2 1 22 78
2 1 19 83
2 1 79 23
2 1 23 85
2 1 91 7
2 1 86 25
2 1 159 2
2 1 9 166
2 1 183 9
2 1 0 188
2 1 115 16
2 1 7 112
2 1 35 109
2 1 16 116
2 1 105 33
2 1 53 72
2 1 83 55
2 1 55 79
2 1 85 56
2 1 71 53
2 1 54 75
2 1 77 22
2 1 78 54
2 1 30 159
2 1 166 30
2 1 31 183
2 1 188 31
2 1 25 91
2 1 56 86
2 1 32 115
2 1 112 32
2 1 109 59
2 1 116 35
2 1 59 105

vertices
241
2
1 0
1.30902 -0.951057
0.5 0
0.809019 -0.951057
1.15451 -0.475529
0.654509 -0.475529
0.25 0
0.4045085 -0.475529
0.5772545 -0.2377645
0.75 0
0.731764 -0.713293
1.0590195 -0.951057
1.231765 -0.713293
0.9045095 -0.475529
1.077255 -0.2377645
0.32725425 -0.2377645
0.48176325 -0.713293
0.9817645 -0.713293
0.82725475 -0.2377645
0.125 0
0.28862712 0.11888225
0.375 0
0.53862725 0.11888225
0.20225412 -0.2377645
0.28862712 -0.11888225
0.36588137 -0.35664675
0.52950875 -0.475529
0.61588175 -0.35664675
0.45225437 -0.2377645
0.53862725 -0.11888225
0.625 0
0.875 0
0.44313587 -0.594411
0.6840185 -0.951057
0.7703915 -0.832175
0.60676363 -0.713293
0.6931365 -0.594411
0.85676425 -0.713293
0.943137 -0.594411
0.77950925 -0.475529
0.93401925 -0.951057
1.020392 -0.832175
1.1840198 -0.951057
1.2703925 -0.832175
1.1067647 -0.713293
1.1931375 -0.594411
1.0295097 -0.475529
0.70225463 -0.2377645
0.78862738 -0.11888225
0.86588212 -0.35664675
1.1158825 -0.35664675
0.95225488 -0.2377645
1.0386275 -0.11888225
0.16362706 0.11888225
0.41362719 0.11888225
0.16362706 -0.11888225
0.24088119 -0.35664675
0.49088156 -0.35664675
0.41362719 -0.11888225
0.64539106 -0.832175
0.56813619 -0.594411
0.81813675 -0.594411
0.89539175 -0.832175
1.1453923 -0.832175
1.0681373 -0.594411
0.66362731 -0.11888225
0.74088194 -0.35664675
0.99088231 -0.35664675
0.91362744 -0.11888225
0.1875 0
0.26931356 0.059441125
0.22612709 0.11888225
0.14431353 0.059441125
0.3125 0
0.39431359 0.059441125
0.35112716 0.11888225
0.4375 0
0.51931363 0.059441125
0.47612722 0.11888225
0.18294059 -0.17832338
0.26475419 -0.2377645
0.30794069 -0.17832338
0.22612709 -0.11888225
0.14431353 -0.059441125
0.26931356 -0.059441125
0.22156766 -0.29720563
0.30338128 -0.35664675
0.34656781 -0.29720563
0.42838147 -0.35664675
0.47156797 -0.29720563
0.38975431 -0.2377645
0.38519494 -0.41608787
0.46700862 -0.475529
0.51019516 -0.41608787
0.59200887 -0.475529
0.63519538 -0.41608787
0.55338166 -0.35664675
0.59656813 -0.29720563
0.51475444 -0.2377645
0.35112716 -0.11888225
0.39431359 -0.059441125
0.43294078 -0.17832338
0.55794088 -0.17832338
0.47612722 -0.11888225
0.51931363 -0.059441125
0.66470478 -0.891616
0.74651875 -0.951057
0.78970525 -0.891616
0.70789128 -0.832175
0.62607734 -0.772734
0.75107775 -0.772734
0.66926381 -0.713293
0.42382219 -0.53497
0.50563603 -0.594411
0.54882247 -0.53497
0.46244956 -0.653852
0.54426344 -0.713293
0.58744991 -0.653852
0.71245025 -0.653852
0.63063634 -0.594411
0.67382275 -0.53497
0.75563663 -0.594411
0.798823 -0.53497
0.71700913 -0.475529
0.79426413 -0.713293
0.8374505 -0.653852
0.91926438 -0.713293
0.96245075 -0.653852
0.88063688 -0.594411
0.92382325 -0.53497
0.84200937 -0.475529
0.83289163 -0.832175
0.876078 -0.772734
0.87151913 -0.951057
0.9147055 -0.891616
0.99651937 -0.951057
1.0397057 -0.891616
0.95789188 -0.832175
1.0010783 -0.772734
1.0828921 -0.832175
1.1260785 -0.772734
1.0442646 -0.713293
1.1215196 -0.951057
1.164706 -0.891616
1.2465199 -0.951057
1.2897063 -0.891616
1.2078924 -0.832175
1.2510788 -0.772734
1.1692649 -0.713293
1.0056371 -0.594411
1.0488235 -0.53497
0.96700962 -0.475529
1.087451 -0.653852
1.2124512 -0.653852
1.1306374 -0.594411
1.1738237 -0.53497
1.0920099 -0.475529
0.60112728 -0.11888225
0.64431366 -0.059441125
0.5625 0
0.63975456 -0.2377645
0.68294097 -0.17832338
0.76475469 -0.2377645
0.80794106 -0.17832338
0.72612734 -0.11888225
0.76931369 -0.059441125
0.6875 0
0.67838184 -0.35664675
0.72156828 -0.29720563
0.76019559 -0.41608787
0.88519581 -0.41608787
0.80338203 -0.35664675
0.84656844 -0.29720563
0.92838222 -0.35664675
0.97156859 -0.29720563
0.88975481 -0.2377645
1.010196 -0.41608787
1.1351962 -0.41608787
1.0533824 -0.35664675
1.0965688 -0.29720563
1.0147549 -0.2377645
0.85112741 -0.11888225
0.89431372 -0.059441125
0.8125 0
0.93294116 -0.17832338
1.0579413 -0.17832338
0.97612747 -0.11888225
1.0193138 -0.059441125
0.9375 0
0.20681355 0.059441125
0.33181358 0.059441125
0.45681361 0.059441125
0.24544064 -0.17832338
0.20681355 -0.059441125
0.28406773 -0.29720563
0.40906789 -0.29720563
0.44769505 -0.41608787
0.57269527 -0.41608787
0.53406805 -0.29720563
0.33181358 -0.059441125
0.37044073 -0.17832338
0.49544083 -0.17832338
0.45681361 -0.059441125
0.72720502 -0.891616
0.68857755 -0.772734
0.48632233 -0.53497
0.52494973 -0.653852
0.64995008 -0.653852
0.61132261 -0.53497
0.73632288 -0.53497
0.77495037 -0.653852
0.89995063 -0.653852
0.86132313 -0.53497
0.81357788 -0.772734
0.85220538 -0.891616
0.97720563 -0.891616
0.93857813 -0.772734
1.0635784 -0.772734
1.1022059 -0.891616
1.2272061 -0.891616
1.1885786 -0.772734
0.98632338 -0.53497
1.0249509 -0.653852
1.1499511 -0.653852
1.1113236 -0.53497
0.58181364 -0.059441125
0.62044092 -0.17832338
0.74544102 -0.17832338
0.70681367 -0.059441125
0.6590682 -0.29720563
0.69769548 -0.41608787
0.8226957 -0.41608787
0.78406836 -0.29720563
0.90906852 -0.29720563
0.94769592 -0.41608787
1.0726961 -0.41608787
1.0340687 -0.29720563
0.8318137 -0.059441125
0.87044111 -0.17832338
0.9954412 -0.17832338
0.95681373 -0.059441125
