MFEM mesh v1.0

#
# MFEM Geometry Types (see fem/geom.hpp):
#
# POINT       = 0
# SEGMENT     = 1
# TRIANGLE    = 2
# SQUARE      = 3
# TETRAHEDRON = 4
# CUBE        = 5
# PRISM       = 6
#

dimension
2

elements
104
1 3 9 39 103 42
1 3 39 2 40 103
1 3 103 40 10 41
1 3 42 103 41 29
1 3 29 41 104 45
1 3 41 10 43 104
1 3 104 43 7 44
1 3 45 104 44 11
1 3 2 46 105 40
1 3 46 12 47 105
1 3 105 47 30 48
1 3 40 105 48 10
1 3 30 49 106 52
1 3 49 13 50 106
1 3 106 50 3 51
1 3 52 106 51 14
1 3 10 48 107 43
1 3 48 30 52 107
1 3 107 52 14 53
1 3 43 107 53 7
1 3 7 53 108 56
1 3 53 14 54 108
1 3 108 54 31 55
1 3 56 108 55 17
1 3 14 51 109 54
1 3 51 3 57 109
1 3 109 57 15 58
1 3 54 109 58 31
1 3 31 58 110 61
1 3 58 15 59 110
1 3 110 59 1 60
1 3 61 110 60 16
1 3 17 55 111 63
1 3 55 31 61 111
1 3 111 61 16 62
1 3 63 111 62 4
1 3 11 44 112 65
1 3 44 7 56 112
1 3 112 56 17 64
1 3 65 112 64 32
1 3 32 64 113 67
1 3 64 17 63 113
1 3 113 63 4 66
1 3 67 113 66 18
1 3 33 68 114 71
1 3 68 19 69 114
1 3 114 69 8 70
1 3 71 114 70 20
1 3 13 72 115 50
1 3 72 33 71 115
1 3 115 71 20 73
1 3 50 115 73 3
1 3 34 74 116 77
1 3 74 21 75 116
1 3 116 75 5 76
1 3 77 116 76 22
1 3 19 78 117 69
1 3 78 34 77 117
1 3 117 77 22 79
1 3 69 117 79 8
1 3 8 79 118 82
1 3 79 22 80 118
1 3 118 80 35 81
1 3 82 118 81 25
1 3 22 76 119 80
1 3 76 5 83 119
1 3 119 83 23 84
1 3 80 119 84 35
1 3 35 84 120 87
1 3 84 23 85 120
1 3 120 85 0 86
1 3 87 120 86 24
1 3 25 81 121 89
1 3 81 35 87 121
1 3 121 87 24 88
1 3 89 121 88 6
1 3 3 73 122 57
1 3 73 20 90 122
1 3 122 90 36 91
1 3 57 122 91 15
1 3 20 70 123 90
1 3 70 8 82 123
1 3 123 82 25 92
1 3 90 123 92 36
1 3 36 92 124 94
1 3 92 25 89 124
1 3 124 89 6 93
1 3 94 124 93 26
1 3 15 91 125 59
1 3 91 36 94 125
1 3 125 94 26 95
1 3 59 125 95 1
1 3 26 93 126 98
1 3 93 6 96 126
1 3 126 96 27 97
1 3 98 126 97 37
1 3 6 88 127 96
1 3 88 24 99 127
1 3 127 99 38 100
1 3 96 127 100 27
1 3 24 86 128 99
1 3 86 0 101 128
1 3 128 101 28 102
1 3 99 128 102 38

boundary
48
1 1 0 101
1 1 101 28
1 1 21 75
1 1 75 5
1 1 5 83
1 1 83 23
1 1 23 85
1 1 85 0
7 1 42 9
7 1 39 2
7 1 11 45
7 1 2 46
7 1 12 47
7 1 49 13
7 1 1 60
7 1 62 4
7 1 65 11
7 1 4 66
7 1 18 67
7 1 13 72
7 1 68 19
7 1 19 78
7 1 74 21
7 1 95 1
7 1 98 26
7 1 27 97
7 1 100 27
7 1 28 102
7 1 29 42
7 1 45 29
7 1 9 39
7 1 46 12
7 1 47 30
7 1 30 49
7 1 72 33
7 1 33 68
7 1 78 34
7 1 34 74
7 1 60 16
7 1 16 62
7 1 66 18
7 1 26 95
7 1 37 98
7 1 97 37
7 1 38 100
7 1 102 38
7 1 32 65
7 1 67 32

vertices
129
2
1.15451 0.475529
0.654509 0.475529
0.25 0
0.5772545 0.2377645
0.4045085 0.475529
1.077255 0.2377645
0.9045095 0.475529
0.32725425 0.2377645
0.82725475 0.2377645
0.125 0
0.28862712 0.11888225
0.20225413 0.2377645
0.375 0
0.53862725 0.11888225
0.45225437 0.2377645
0.61588175 0.35664675
0.52950875 0.475529
0.36588138 0.35664675
0.27950825 0.475529
0.78862738 0.11888225
0.70225463 0.2377645
1.0386275 0.11888225
0.95225488 0.2377645
1.1158825 0.35664675
1.0295097 0.475529
0.86588212 0.35664675
0.77950925 0.475529
0.943137 0.594411
1.1931375 0.594411
0.16362706 0.11888225
0.41362719 0.11888225
0.49088156 0.35664675
0.24088119 0.35664675
0.66362731 0.11888225
0.91362744 0.11888225
0.99088231 0.35664675
0.74088194 0.35664675
0.81813675 0.594411
1.0681372 0.594411
0.1875 0
0.26931356 0.059441125
0.22612709 0.11888225
0.14431353 0.059441125
0.30794069 0.17832338
0.26475419 0.2377645
0.18294059 0.17832338
0.3125 0
0.39431359 0.059441125
0.35112716 0.11888225
0.47612722 0.11888225
0.55794088 0.17832338
0.51475444 0.2377645
0.43294078 0.17832338
0.38975431 0.2377645
0.47156797 0.29720563
0.42838147 0.35664675
0.34656781 0.29720563
0.59656813 0.29720563
0.55338166 0.35664675
0.63519538 0.41608787
0.59200887 0.475529
0.51019516 0.41608787
0.46700862 0.475529
0.38519494 0.41608787
0.30338128 0.35664675
0.22156766 0.29720563
0.34200838 0.475529
0.26019472 0.41608787
0.72612734 0.11888225
0.80794106 0.17832338
0.76475469 0.2377645
0.68294097 0.17832338
0.60112728 0.11888225
0.63975456 0.2377645
0.97612747 0.11888225
1.0579413 0.17832338
1.0147549 0.2377645
0.93294116 0.17832338
0.85112741 0.11888225
0.88975481 0.2377645
0.97156859 0.29720563
0.92838222 0.35664675
0.84656844 0.29720563
1.0965688 0.29720563
1.0533824 0.35664675
1.1351962 0.41608787
1.0920099 0.475529
1.010196 0.41608787
0.96700962 0.475529
0.88519581 0.41608787
0.72156828 0.29720563
0.67838184 0.35664675
0.80338203 0.35664675
0.84200937 0.475529
0.76019559 0.41608787
0.71700913 0.475529
0.92382325 0.53497
0.88063687 0.594411
0.798823 0.53497
1.0488235 0.53497
1.0056371 0.594411
1.1738237 0.53497
1.1306374 0.594411
0.20681355 0.059441125
0.24544064 0.17832338
0.33181358 0.059441125
0.49544083 0.17832338
0.37044073 0.17832338
0.40906789 0.29720563
0.53406805 0.29720563
0.57269527 0.41608787
0.44769505 0.41608787
0.28406773 0.29720563
0.32269483 0.41608787
0.74544102 0.17832338
0.62044092 0.17832338
0.9954412 0.17832338
0.87044111 0.17832338
0.90906852 0.29720563
1.0340687 0.29720563
1.0726961 0.41608787
0.94769592 0.41608787
0.6590682 0.29720563
0.78406836 0.29720563
0.8226957 0.41608787
0.69769548 0.41608787
0.86132312 0.53497
0.98632338 0.53497
1.1113236 0.53497
