MFEM mesh v1.0

#
# MFEM Geometry Types (see fem/geom.hpp):
#
# POINT       = 0
# SEGMENT     = 1
# TRIANGLE    = 2
# SQUARE      = 3
# TETRAHEDRON = 4
# CUBE        = 5
# PRISM       = 6
#

dimension
2

elements
208
1 3 53 69 189 72
1 3 69 18 70 189
1 3 189 70 5 71
1 3 72 189 71 19
1 3 20 73 190 75
1 3 73 53 72 190
1 3 190 72 19 74
1 3 75 190 74 6
1 3 54 76 191 78
1 3 76 20 75 191
1 3 191 75 6 77
1 3 78 191 77 21
1 3 22 79 192 81
1 3 79 54 78 192
1 3 192 78 21 80
1 3 81 192 80 4
1 3 22 81 193 84
1 3 81 4 82 193
1 3 193 82 23 83
1 3 84 193 83 55
1 3 55 83 194 87
1 3 83 23 85 194
1 3 194 85 7 86
1 3 87 194 86 24
1 3 56 88 195 91
1 3 88 25 89 195
1 3 195 89 2 90
1 3 91 195 90 26
1 3 27 92 196 94
1 3 92 56 91 196
1 3 196 91 26 93
1 3 94 196 93 8
1 3 57 95 197 97
1 3 95 27 94 197
1 3 197 94 8 96
1 3 97 197 96 28
1 3 18 98 198 70
1 3 98 57 97 198
1 3 198 97 28 99
1 3 70 198 99 5
1 3 5 99 199 102
1 3 99 28 100 199
1 3 199 100 58 101
1 3 102 199 101 31
1 3 28 96 200 100
1 3 96 8 103 200
1 3 200 103 29 104
1 3 100 200 104 58
1 3 58 104 201 107
1 3 104 29 105 201
1 3 201 105 15 106
1 3 107 201 106 30
1 3 31 101 202 109
1 3 101 58 107 202
1 3 202 107 30 108
1 3 109 202 108 11
1 3 8 93 203 103
1 3 93 26 110 203
1 3 203 110 59 111
1 3 103 203 111 29
1 3 26 90 204 110
1 3 90 2 112 204
1 3 204 112 32 113
1 3 110 204 113 59
1 3 59 113 205 116
1 3 113 32 114 205
1 3 205 114 9 115
1 3 116 205 115 33
1 3 29 111 206 105
1 3 111 59 116 206
1 3 206 116 33 117
1 3 105 206 117 15
1 3 15 117 207 120
1 3 117 33 118 207
1 3 207 118 60 119
1 3 120 207 119 36
1 3 33 115 208 118
1 3 115 9 121 208
1 3 208 121 34 122
1 3 118 208 122 60
1 3 60 122 209 125
1 3 122 34 123 209
1 3 209 123 1 124
1 3 125 209 124 35
1 3 36 119 210 127
1 3 119 60 125 210
1 3 210 125 35 126
1 3 127 210 126 10
1 3 11 108 211 130
1 3 108 30 128 211
1 3 211 128 61 129
1 3 130 211 129 38
1 3 30 106 212 128
1 3 106 15 120 212
1 3 212 120 36 131
1 3 128 212 131 61
1 3 61 131 213 133
1 3 131 36 127 213
1 3 213 127 10 132
1 3 133 213 132 37
1 3 38 129 214 135
1 3 129 61 133 214
1 3 214 133 37 134
1 3 135 214 134 3
1 3 4 80 215 138
1 3 80 21 136 215
1 3 215 136 62 137
1 3 138 215 137 41
1 3 21 77 216 136
1 3 77 6 139 216
1 3 216 139 39 140
1 3 136 216 140 62
1 3 62 140 217 143
1 3 140 39 141 217
1 3 217 141 16 142
1 3 143 217 142 40
1 3 41 137 218 145
1 3 137 62 143 218
1 3 218 143 40 144
1 3 145 218 144 13
1 3 6 74 219 139
1 3 74 19 146 219
1 3 219 146 63 147
1 3 139 219 147 39
1 3 19 71 220 146
1 3 71 5 102 220
1 3 220 102 31 148
1 3 146 220 148 63
1 3 63 148 221 150
1 3 148 31 109 221
1 3 221 109 11 149
1 3 150 221 149 42
1 3 39 147 222 141
1 3 147 63 150 222
1 3 222 150 42 151
1 3 141 222 151 16
1 3 16 151 223 154
1 3 151 42 152 223
1 3 223 152 64 153
1 3 154 223 153 44
1 3 42 149 224 152
1 3 149 11 130 224
1 3 224 130 38 155
1 3 152 224 155 64
1 3 64 155 225 157
1 3 155 38 135 225
1 3 225 135 3 156
1 3 157 225 156 43
1 3 44 153 226 159
1 3 153 64 157 226
1 3 226 157 43 158
1 3 159 226 158 12
1 3 13 144 227 162
1 3 144 40 160 227
1 3 227 160 65 161
1 3 162 227 161 46
1 3 40 142 228 160
1 3 142 16 154 228
1 3 228 154 44 163
1 3 160 228 163 65
1 3 65 163 229 165
1 3 163 44 159 229
1 3 229 159 12 164
1 3 165 229 164 45
1 3 46 161 230 167
1 3 161 65 165 230
1 3 230 165 45 166
1 3 167 230 166 0
1 3 4 138 231 82
1 3 138 41 168 231
1 3 231 168 66 169
1 3 82 231 169 23
1 3 41 145 232 168
1 3 145 13 170 232
1 3 232 170 47 171
1 3 168 232 171 66
1 3 66 171 233 174
1 3 171 47 172 233
1 3 233 172 17 173
1 3 174 233 173 48
1 3 23 169 234 85
1 3 169 66 174 234
1 3 234 174 48 175
1 3 85 234 175 7
1 3 13 162 235 170
1 3 162 46 176 235
1 3 235 176 67 177
1 3 170 235 177 47
1 3 46 167 236 176
1 3 167 0 178 236
1 3 236 178 49 179
1 3 176 236 179 67
1 3 67 179 237 182
1 3 179 49 180 237
1 3 237 180 14 181
1 3 182 237 181 50
1 3 47 177 238 172
1 3 177 67 182 238
1 3 238 182 50 183
1 3 172 238 183 17
1 3 17 183 239 186
1 3 183 50 184 239
1 3 239 184 68 185
1 3 186 239 185 52
1 3 50 181 240 184
1 3 181 14 187 240
1 3 240 187 51 188
1 3 184 240 188 68

boundary
64
1 1 3 156
1 1 156 43
1 1 43 158
1 1 158 12
1 1 12 164
1 1 164 45
1 1 45 166
1 1 166 0
1 1 2 112
1 1 112 32
1 1 32 114
1 1 114 9
1 1 9 121
1 1 121 34
1 1 34 123
1 1 123 1
1 1 1 124
1 1 124 35
1 1 35 126
1 1 126 10
1 1 10 132
1 1 132 37
1 1 37 134
1 1 134 3
1 1 25 89
1 1 89 2
1 1 0 178
1 1 178 49
1 1 49 180
1 1 180 14
1 1 14 187
1 1 187 51
5 1 20 73
5 1 69 18
5 1 22 79
5 1 76 20
5 1 84 22
5 1 7 86
5 1 24 87
5 1 27 92
5 1 88 25
5 1 18 98
5 1 95 27
5 1 17 173
5 1 175 7
5 1 185 52
5 1 186 17
5 1 51 188
5 1 73 53
5 1 53 69
5 1 79 54
5 1 54 76
5 1 55 84
5 1 92 56
5 1 56 88
5 1 98 57
5 1 57 95
5 1 86 24
5 1 87 55
5 1 173 48
5 1 48 175
5 1 68 185
5 1 52 186
5 1 188 68

vertices
241
2
0.309017 -0.951057
-0.5 -1.53884
-0.654508 -1.06331
-0.0954915 -1.24495
0.154508 -0.475529
-0.25 -0.76942
-0.047746 -0.6224745
0.4045085 -0.475529
-0.452254 -0.916365
-0.577254 -1.301075
-0.29774575 -1.391895
-0.17274575 -1.007185
0.10676275 -1.0980035
0.2317625 -0.713293
0.559018 -0.951057
-0.37499987 -1.15413
0.029508375 -0.860239
0.48176325 -0.713293
-0.288627 -0.65053825
-0.148873 -0.69594725
-0.086373 -0.5035925
0.053381 -0.54900175
0.115881 -0.35664675
0.27950825 -0.475529
0.36588137 -0.35664675
-0.69313525 -0.94442875
-0.553381 -0.9898375
-0.49088113 -0.7974835
-0.351127 -0.8428925
-0.41362694 -1.0352475
-0.27387281 -1.0806575
-0.21137288 -0.8883025
-0.615881 -1.1821925
-0.47612694 -1.2276025
-0.538627 -1.4199575
-0.39887288 -1.4653675
-0.33637281 -1.2730125
-0.19661863 -1.3184225
-0.13411862 -1.1260675
-0.0091188125 -0.74135675
0.13063544 -0.786766
0.19313525 -0.594411
-0.071618688 -0.933712
0.005635625 -1.1714768
0.068135562 -0.97912125
0.20788988 -1.0245302
0.27038975 -0.832175
0.35676287 -0.713293
0.44313587 -0.594411
0.4340175 -0.951057
0.52039062 -0.832175
0.6840185 -0.951057
0.60676363 -0.713293
-0.1875 -0.57706537
0.014754 -0.43011963
0.24088119 -0.35664675
-0.59200819 -0.87095612
-0.38975406 -0.72401088
-0.31249991 -0.961775
-0.51475397 -1.10872
-0.43749991 -1.346485
-0.23524572 -1.19954
0.092008219 -0.66788388
-0.11024584 -0.81482963
-0.032991531 -1.0525944
0.16926266 -0.90564813
0.31813556 -0.594411
0.39539019 -0.832175
0.64539106 -0.832175
-0.2380635 -0.61380181
-0.2693135 -0.70997913
-0.1994365 -0.73268362
-0.1681865 -0.63650631
-0.1369365 -0.54032894
-0.0983095 -0.65921088
-0.0670595 -0.5630335
-0.0358095 -0.46685606
0.0028175 -0.58573812
0.0340675 -0.48956069
0.0653175 -0.39338319
0.1039445 -0.51226537
0.1351945 -0.41608787
0.21700812 -0.475529
0.26019472 -0.41608787
0.17838109 -0.35664675
0.34200838 -0.475529
0.38519494 -0.41608787
0.30338128 -0.35664675
-0.64257172 -0.90769244
-0.67382162 -1.0038694
-0.6039445 -1.0265737
-0.57269459 -0.93039681
-0.54144466 -0.83421981
-0.5028175 -0.95310125
-0.47156756 -0.85692425
-0.44031759 -0.76074719
-0.4016905 -0.87962875
-0.37044053 -0.78345169
-0.33919053 -0.68727456
-0.3005635 -0.80615625
-0.33181345 -0.90233375
-0.26193639 -0.92503875
-0.23068644 -0.82886125
-0.43294047 -0.97580625
-0.36306342 -0.99851125
-0.39431341 -1.0946887
-0.32443634 -1.1173938
-0.29318636 -1.0212163
-0.22330928 -1.0439212
-0.19205931 -0.94774375
-0.53406748 -1.0492788
-0.46419045 -1.0719838
-0.6351945 -1.1227512
-0.56531748 -1.1454563
-0.5965675 -1.2416338
-0.52669047 -1.2643388
-0.49544045 -1.1681613
-0.42556341 -1.1908663
-0.45681342 -1.2870438
-0.38693636 -1.3097488
-0.35568634 -1.2135713
-0.5579405 -1.3605162
-0.48806345 -1.3832213
-0.5193135 -1.4793988
-0.44943644 -1.5021037
-0.41818639 -1.4059262
-0.34830931 -1.4286313
-0.31705928 -1.3324537
-0.25455927 -1.1400987
-0.18468217 -1.1628038
-0.15343219 -1.0666263
-0.28580927 -1.2362762
-0.24718219 -1.3551587
-0.21593217 -1.2589813
-0.14605506 -1.2816862
-0.11480506 -1.1855087
0.072694609 -0.60844281
0.14257173 -0.63114744
0.17382162 -0.53497
-0.028432406 -0.68191563
0.041444703 -0.70462031
0.010194781 -0.80079787
0.080071906 -0.8235025
0.11132183 -0.72732494
0.18119897 -0.7500295
0.21244887 -0.653852
-0.12955942 -0.75538844
-0.059682328 -0.77809319
-0.16080936 -0.85156606
-0.12218222 -0.9704485
-0.090932266 -0.87427081
-0.021055156 -0.8969755
-0.052305109 -0.99315319
0.017572016 -1.0158578
0.048821969 -0.91968012
-0.083555078 -1.0893309
-0.044927938 -1.2082134
-0.013677953 -1.1120356
0.056199187 -1.1347401
0.087449156 -1.0385624
0.14994905 -0.84620706
0.2198262 -0.86891156
0.25107612 -0.772734
0.11869911 -0.94238469
0.15732631 -1.0612669
0.18857627 -0.96508919
0.25845344 -0.98779363
0.28970337 -0.891616
0.25563541 -0.594411
0.29882191 -0.53497
0.29426269 -0.713293
0.33744922 -0.653852
0.41926306 -0.713293
0.46244956 -0.653852
0.38063572 -0.594411
0.42382219 -0.53497
0.33288997 -0.832175
0.37607653 -0.772734
0.37151725 -0.951057
0.41470384 -0.891616
0.49651775 -0.951057
0.53970431 -0.891616
0.45789041 -0.832175
0.50107694 -0.772734
0.58289084 -0.832175
0.62607734 -0.772734
0.54426344 -0.713293
0.62151825 -0.951057
0.66470478 -0.891616
-0.21875 -0.67324272
-0.117623 -0.59976991
-0.016496 -0.52629709
0.084631 -0.45282428
0.19769461 -0.41608787
0.32269483 -0.41608787
-0.62325811 -0.96713309
-0.52213108 -0.89366053
-0.42100405 -0.82018797
-0.31987702 -0.74671541
-0.28124995 -0.8655975
-0.38237696 -0.93907
-0.34374988 -1.0579525
-0.24262284 -0.98448
-0.48350398 -1.0125425
-0.58463099 -1.086015
-0.54600398 -1.2048975
-0.44487693 -1.131425
-0.40624988 -1.2503075
-0.50737696 -1.32378
-0.46874995 -1.4426625
-0.36762284 -1.36919
-0.20399573 -1.1033625
-0.3051228 -1.176835
-0.26649573 -1.2957175
-0.16536862 -1.222245
0.12325812 -0.57170641
0.022131102 -0.64517922
0.060758305 -0.76406141
0.16188535 -0.69058847
-0.078995914 -0.71865203
-0.18012293 -0.79212484
-0.14149579 -0.91100728
-0.040368742 -0.83753434
-0.0017415703 -0.95641666
-0.10286865 -1.0298897
-0.064241508 -1.1487722
0.036885602 -1.075299
0.20051259 -0.80947053
0.099385508 -0.88294359
0.13801271 -1.0018258
0.23913982 -0.92835259
0.23632177 -0.53497
0.27494905 -0.653852
0.39994939 -0.653852
0.36132205 -0.53497
0.31357633 -0.772734
0.35220361 -0.891616
0.47720408 -0.891616
0.43857673 -0.772734
0.56357714 -0.772734
0.60220455 -0.891616
