MFEM mesh v1.0

#
# MFEM Geometry Types (see fem/geom.hpp):
#
# POINT       = 0
# SEGMENT     = 1
# TRIANGLE    = 2
# SQUARE      = 3
# TETRAHEDRON = 4
# CUBE        = 5
# PRISM       = 6
#

dimension
2

elements
108
1 3 3 40 106 43
1 3 40 10 41 106
1 3 106 41 30 42
1 3 43 106 42 12
1 3 12 42 107 46
1 3 42 30 44 107
1 3 107 44 11 45
1 3 46 107 45 1
1 3 3 43 108 49
1 3 43 12 47 108
1 3 108 47 31 48
1 3 49 108 48 13
1 3 12 46 109 47
1 3 46 1 50 109
1 3 109 50 14 51
1 3 47 109 51 31
1 3 31 51 110 54
1 3 51 14 52 110
1 3 110 52 4 53
1 3 54 110 53 15
1 3 13 48 111 56
1 3 48 31 54 111
1 3 111 54 15 55
1 3 56 111 55 8
1 3 8 55 112 59
1 3 55 15 57 112
1 3 112 57 32 58
1 3 59 112 58 18
1 3 15 53 113 57
1 3 53 4 60 113
1 3 113 60 16 61
1 3 57 113 61 32
1 3 32 61 114 64
1 3 61 16 62 114
1 3 114 62 2 63
1 3 64 114 63 17
1 3 18 58 115 66
1 3 58 32 64 115
1 3 115 64 17 65
1 3 66 115 65 5
1 3 1 45 116 69
1 3 45 11 67 116
1 3 116 67 33 68
1 3 69 116 68 20
1 3 20 68 117 72
1 3 68 33 70 117
1 3 117 70 19 71
1 3 72 117 71 6
1 3 6 71 118 75
1 3 71 19 73 118
1 3 118 73 34 74
1 3 75 118 74 22
1 3 22 74 119 78
1 3 74 34 76 119
1 3 119 76 21 77
1 3 78 119 77 0
1 3 1 69 120 50
1 3 69 20 79 120
1 3 120 79 35 80
1 3 50 120 80 14
1 3 20 72 121 79
1 3 72 6 81 121
1 3 121 81 23 82
1 3 79 121 82 35
1 3 35 82 122 85
1 3 82 23 83 122
1 3 122 83 9 84
1 3 85 122 84 24
1 3 14 80 123 52
1 3 80 35 85 123
1 3 123 85 24 86
1 3 52 123 86 4
1 3 6 75 124 81
1 3 75 22 87 124
1 3 124 87 36 88
1 3 81 124 88 23
1 3 22 78 125 87
1 3 78 0 89 125
1 3 125 89 25 90
1 3 87 125 90 36
1 3 36 90 126 93
1 3 90 25 91 126
1 3 126 91 7 92
1 3 93 126 92 26
1 3 23 88 127 83
1 3 88 36 93 127
1 3 127 93 26 94
1 3 83 127 94 9
1 3 4 86 128 60
1 3 86 24 95 128
1 3 128 95 37 96
1 3 60 128 96 16
1 3 16 96 129 62
1 3 96 37 97 129
1 3 129 97 27 98
1 3 62 129 98 2
1 3 2 98 130 101
1 3 98 27 99 130
1 3 130 99 38 100
1 3 101 130 100 28
1 3 5 65 131 104
1 3 65 17 102 131
1 3 131 102 39 103
1 3 104 131 103 29
1 3 17 63 132 102
1 3 63 2 101 132
1 3 132 101 28 105
1 3 102 132 105 39

boundary
48
1 1 21 77
1 1 77 0
1 1 0 89
1 1 89 25
1 1 25 91
1 1 91 7
3 1 3 40
3 1 10 41
3 1 44 11
3 1 49 3
3 1 8 56
3 1 59 8
3 1 5 66
3 1 11 67
3 1 70 19
3 1 19 73
3 1 76 21
3 1 9 84
3 1 7 92
3 1 94 9
3 1 24 95
3 1 97 27
3 1 27 99
3 1 100 28
3 1 104 5
3 1 103 29
3 1 28 105
3 1 40 10
3 1 13 49
3 1 56 13
3 1 18 59
3 1 66 18
3 1 29 104
3 1 41 30
3 1 30 44
3 1 67 33
3 1 33 70
3 1 73 34
3 1 34 76
3 1 84 24
3 1 92 26
3 1 26 94
3 1 95 37
3 1 37 97
3 1 99 38
3 1 38 100
3 1 39 103
3 1 105 39

vertices
133
2
0.309017 0.951057
0.154508 0.475529
-0.25 0.769421
0.077254 0.2377645
-0.047746 0.622475
-0.327254 0.531657
0.2317625 0.713293
0.10676275 1.0980035
-0.125 0.38471075
0.029508375 0.86023925
0.20225413 0.2377645
0.27950825 0.475529
0.115881 0.35664675
-0.023873 0.31123762
0.053381 0.549002
-0.086373 0.50359288
-0.148873 0.695948
-0.288627 0.650539
-0.226127 0.45818388
0.35676287 0.713293
0.19313525 0.594411
0.4340175 0.951057
0.27038975 0.832175
0.13063544 0.78676612
-0.0091188125 0.74135712
0.20788988 1.0245302
0.068135562 0.97912137
-0.21137288 0.88830325
-0.351127 0.84289325
-0.42838113 0.60512963
0.24088119 0.35664675
0.014754 0.43011981
-0.1875 0.57706594
0.31813556 0.594411
0.39539019 0.832175
0.092008219 0.66788406
0.16926266 0.90564819
-0.11024584 0.81483019
-0.31249991 0.96177556
-0.38975406 0.72401144
0.13975406 0.2377645
0.22156766 0.29720563
0.17838109 0.35664675
0.0965675 0.29720563
0.26019472 0.41608787
0.21700812 0.475529
0.1351945 0.41608787
0.0653175 0.39338328
-0.0045595 0.37067872
0.0266905 0.27450106
0.1039445 0.5122655
0.0340675 0.48956091
0.0028175 0.5857385
-0.0670595 0.56303394
-0.0358095 0.46685634
-0.1056865 0.44415181
-0.0744365 0.34797419
-0.1369365 0.54032941
-0.2068135 0.51762491
-0.1755635 0.42144731
-0.0983095 0.6592115
-0.1681865 0.63650697
-0.1994365 0.7326845
-0.2693135 0.70998
-0.2380635 0.61380247
-0.3079405 0.591098
-0.2766905 0.49492044
0.29882191 0.53497
0.25563541 0.594411
0.17382162 0.53497
0.33744922 0.653852
0.29426269 0.713293
0.21244887 0.653852
0.37607653 0.772734
0.33288997 0.832175
0.25107612 0.772734
0.41470384 0.891616
0.37151725 0.951057
0.28970337 0.891616
0.14257173 0.63114753
0.072694609 0.60844303
0.18119897 0.75002956
0.11132183 0.72732509
0.080071906 0.82350269
0.010194781 0.80079819
0.041444703 0.70462059
-0.028432406 0.68191606
0.2198262 0.86891159
0.14994905 0.84620716
0.25845344 0.98779363
0.18857627 0.96508922
0.15732631 1.0612669
0.087449156 1.0385624
0.11869911 0.94238478
0.048821969 0.91968031
-0.059682328 0.77809366
-0.12955942 0.75538909
-0.16080936 0.85156672
-0.23068644 0.82886213
-0.26193639 0.92503941
-0.33181345 0.90233441
-0.3005635 0.80615712
-0.33919053 0.68727522
-0.40906759 0.66457053
-0.37781756 0.56839331
-0.37044053 0.78345234
0.15906758 0.29720563
0.19769461 0.41608787
0.046004 0.33394217
0.084631 0.45282439
-0.016496 0.52629742
-0.055123 0.40741527
-0.15625 0.48088836
-0.117623 0.59977045
-0.21875 0.67324348
-0.257377 0.55436145
0.23632177 0.53497
0.27494905 0.653852
0.31357633 0.772734
0.35220361 0.891616
0.12325812 0.57170652
0.16188535 0.69058855
0.060758305 0.76406164
0.022131102 0.64517955
0.20051259 0.80947058
0.23913982 0.92835261
0.13801271 1.0018258
0.099385508 0.88294373
-0.078995914 0.71865258
-0.18012293 0.79212561
-0.28124995 0.86559827
-0.35850405 0.62783427
-0.31987702 0.74671617
