MFEM mesh v1.0

#
# MFEM Geometry Types (see fem/geom.hpp):
#
# POINT       = 0
# SEGMENT     = 1
# TRIANGLE    = 2
# SQUARE      = 3
# TETRAHEDRON = 4
# CUBE        = 5
# PRISM       = 6
#

dimension
2

elements
216
1 3 54 71 195 74
1 3 71 19 72 195
1 3 195 72 6 73
1 3 74 195 73 20
1 3 21 75 196 77
1 3 75 54 74 196
1 3 196 74 20 76
1 3 77 196 76 2
1 3 21 77 197 80
1 3 77 2 78 197
1 3 197 78 22 79
1 3 80 197 79 55
1 3 55 79 198 83
1 3 79 22 81 198
1 3 198 81 7 82
1 3 83 198 82 23
1 3 23 82 199 86
1 3 82 7 84 199
1 3 199 84 24 85
1 3 86 199 85 56
1 3 56 85 200 89
1 3 85 24 87 200
1 3 200 87 5 88
1 3 89 200 88 25
1 3 2 76 201 92
1 3 76 20 90 201
1 3 201 90 57 91
1 3 92 201 91 28
1 3 20 73 202 90
1 3 73 6 93 202
1 3 202 93 26 94
1 3 90 202 94 57
1 3 57 94 203 97
1 3 94 26 95 203
1 3 203 95 15 96
1 3 97 203 96 27
1 3 28 91 204 99
1 3 91 57 97 204
1 3 204 97 27 98
1 3 99 204 98 9
1 3 6 100 205 93
1 3 100 18 101 205
1 3 205 101 58 102
1 3 93 205 102 26
1 3 26 102 206 95
1 3 102 58 103 206
1 3 206 103 29 104
1 3 95 206 104 15
1 3 15 104 207 107
1 3 104 29 105 207
1 3 207 105 59 106
1 3 107 207 106 31
1 3 31 106 208 110
1 3 106 59 108 208
1 3 208 108 30 109
1 3 110 208 109 8
1 3 9 98 209 113
1 3 98 27 111 209
1 3 209 111 60 112
1 3 113 209 112 33
1 3 27 96 210 111
1 3 96 15 107 210
1 3 210 107 31 114
1 3 111 210 114 60
1 3 60 114 211 116
1 3 114 31 110 211
1 3 211 110 8 115
1 3 116 211 115 32
1 3 33 112 212 118
1 3 112 60 116 212
1 3 212 116 32 117
1 3 118 212 117 0
1 3 2 92 213 78
1 3 92 28 119 213
1 3 213 119 61 120
1 3 78 213 120 22
1 3 28 99 214 119
1 3 99 9 121 214
1 3 214 121 34 122
1 3 119 214 122 61
1 3 61 122 215 125
1 3 122 34 123 215
1 3 215 123 16 124
1 3 125 215 124 35
1 3 22 120 216 81
1 3 120 61 125 216
1 3 216 125 35 126
1 3 81 216 126 7
1 3 9 113 217 121
1 3 113 33 127 217
1 3 217 127 62 128
1 3 121 217 128 34
1 3 33 118 218 127
1 3 118 0 129 218
1 3 218 129 36 130
1 3 127 218 130 62
1 3 62 130 219 133
1 3 130 36 131 219
1 3 219 131 10 132
1 3 133 219 132 37
1 3 34 128 220 123
1 3 128 62 133 220
1 3 220 133 37 134
1 3 123 220 134 16
1 3 16 134 221 137
1 3 134 37 135 221
1 3 221 135 63 136
1 3 137 221 136 40
1 3 37 132 222 135
1 3 132 10 138 222
1 3 222 138 38 139
1 3 135 222 139 63
1 3 63 139 223 142
1 3 139 38 140 223
1 3 223 140 3 141
1 3 142 223 141 39
1 3 40 136 224 144
1 3 136 63 142 224
1 3 224 142 39 143
1 3 144 224 143 11
1 3 7 126 225 84
1 3 126 35 145 225
1 3 225 145 64 146
1 3 84 225 146 24
1 3 35 124 226 145
1 3 124 16 137 226
1 3 226 137 40 147
1 3 145 226 147 64
1 3 64 147 227 149
1 3 147 40 144 227
1 3 227 144 11 148
1 3 149 227 148 41
1 3 24 146 228 87
1 3 146 64 149 228
1 3 228 149 41 150
1 3 87 228 150 5
1 3 5 150 229 153
1 3 150 41 151 229
1 3 229 151 65 152
1 3 153 229 152 44
1 3 41 148 230 151
1 3 148 11 154 230
1 3 230 154 42 155
1 3 151 230 155 65
1 3 65 155 231 158
1 3 155 42 156 231
1 3 231 156 17 157
1 3 158 231 157 43
1 3 44 152 232 160
1 3 152 65 158 232
1 3 232 158 43 159
1 3 160 232 159 14
1 3 11 143 233 154
1 3 143 39 161 233
1 3 233 161 66 162
1 3 154 233 162 42
1 3 39 141 234 161
1 3 141 3 163 234
1 3 234 163 45 164
1 3 161 234 164 66
1 3 66 164 235 167
1 3 164 45 165 235
1 3 235 165 12 166
1 3 167 235 166 46
1 3 42 162 236 156
1 3 162 66 167 236
1 3 236 167 46 168
1 3 156 236 168 17
1 3 17 168 237 171
1 3 168 46 169 237
1 3 237 169 67 170
1 3 171 237 170 49
1 3 46 166 238 169
1 3 166 12 172 238
1 3 238 172 47 173
1 3 169 238 173 67
1 3 67 173 239 176
1 3 173 47 174 239
1 3 239 174 1 175
1 3 176 239 175 48
1 3 49 170 240 178
1 3 170 67 176 240
1 3 240 176 48 177
1 3 178 240 177 13
1 3 14 159 241 181
1 3 159 43 179 241
1 3 241 179 68 180
1 3 181 241 180 51
1 3 43 157 242 179
1 3 157 17 171 242
1 3 242 171 49 182
1 3 179 242 182 68
1 3 68 182 243 184
1 3 182 49 178 243
1 3 243 178 13 183
1 3 184 243 183 50
1 3 51 180 244 186
1 3 180 68 184 244
1 3 244 184 50 185
1 3 186 244 185 4
1 3 25 88 245 188
1 3 88 5 153 245
1 3 245 153 44 187
1 3 188 245 187 69
1 3 69 187 246 190
1 3 187 44 160 246
1 3 246 160 14 189
1 3 190 246 189 52
1 3 52 189 247 192
1 3 189 14 181 247
1 3 247 181 51 191
1 3 192 247 191 70
1 3 70 191 248 194
1 3 191 51 186 248
1 3 248 186 4 193
1 3 194 248 193 53

boundary
64
1 1 30 109
1 1 109 8
1 1 8 115
1 1 115 32
1 1 32 117
1 1 117 0
1 1 4 193
1 1 193 53
1 1 3 163
1 1 163 45
1 1 45 165
1 1 165 12
1 1 12 172
1 1 172 47
1 1 47 174
1 1 174 1
1 1 1 175
1 1 175 48
1 1 48 177
1 1 177 13
1 1 13 183
1 1 183 50
1 1 50 185
1 1 185 4
1 1 0 129
1 1 129 36
1 1 36 131
1 1 131 10
1 1 10 138
1 1 138 38
1 1 38 140
1 1 140 3
7 1 6 100
7 1 72 6
7 1 21 75
7 1 71 19
7 1 80 21
7 1 23 83
7 1 86 23
7 1 25 89
7 1 18 101
7 1 103 29
7 1 29 105
7 1 108 30
7 1 188 25
7 1 52 190
7 1 192 52
7 1 53 194
7 1 100 18
7 1 19 72
7 1 54 71
7 1 101 58
7 1 58 103
7 1 105 59
7 1 59 108
7 1 75 54
7 1 55 80
7 1 83 55
7 1 56 86
7 1 89 56
7 1 69 188
7 1 190 69
7 1 70 192
7 1 194 70

vertices
249
2
-0.809017 0.587785
-1.61803 0
-0.404508 0.293893
-1.21352 0.293893
-1.21352 -0.293892
-0.809016 0
-0.327254 0.531657
-0.606762 0.1469465
-0.7317625 0.8255475
-0.6067625 0.440839
-1.0112685 0.440839
-1.011268 0.1469465
-1.415775 0.1469465
-1.415775 -0.146946
-1.011268 -0.146946
-0.52950825 0.67860225
-0.80901525 0.29389275
-1.2135215 2.5e-07
-0.288627 0.650539
-0.226127 0.45818388
-0.365881 0.412775
-0.303381 0.22041975
-0.505635 0.22041975
-0.505635 0.07347325
-0.707889 0.07347325
-0.707889 -0.07347325
-0.42838113 0.60512963
-0.56813537 0.55972062
-0.50563525 0.367366
-0.49088113 0.79748387
-0.69313525 0.94442875
-0.63063537 0.75207487
-0.77038975 0.70666625
-0.70788975 0.514312
-0.70788887 0.36736587
-0.70788862 0.22041963
-0.91014275 0.514312
-0.91014187 0.36736587
-1.1123942 0.367366
-1.112394 0.22041975
-0.91014162 0.22041963
-0.910142 0.07347325
-1.1123947 0.073473375
-1.1123947 -0.073472875
-0.910142 -0.073473
-1.3146475 0.22041975
-1.3146482 0.073473375
-1.5169025 0.07347325
-1.5169025 -0.073473
-1.3146482 -0.073472875
-1.3146475 -0.220419
-1.112394 -0.220419
-0.91014162 -0.22041925
-1.1123942 -0.36736525
-0.264754 0.33930181
-0.404508 0.1469465
-0.606762 0
-0.46700819 0.48624781
-0.38975406 0.72401144
-0.59200819 0.87095631
-0.66926256 0.63319344
-0.60676194 0.29389281
-0.80901581 0.44083894
-1.0112679 0.29389281
-0.80901531 0.14694644
-1.0112684 1.875e-07
-1.2135211 0.14694656
-1.4157754 1.875e-07
-1.2135211 -0.14694594
-0.80901531 -0.14694625
-1.0112679 -0.29389225
-0.2454405 0.39874284
-0.2766905 0.49492044
-0.3465675 0.472216
-0.3153175 0.37603841
-0.2840675 0.27986078
-0.3851945 0.353334
-0.3539445 0.25715637
-0.4550715 0.25715637
-0.4550715 0.18368313
-0.3539445 0.18368313
-0.5561985 0.18368313
-0.5561985 0.11020988
-0.4550715 0.11020988
-0.6573255 0.11020988
-0.6573255 0.036736625
-0.5561985 0.036736625
-0.7584525 0.036736625
-0.7584525 -0.036736625
-0.6573255 -0.036736625
-0.41644459 0.44951141
-0.48632172 0.42680691
-0.45507162 0.3306295
-0.37781756 0.56839331
-0.44769466 0.54568872
-0.47894469 0.64186594
-0.54882181 0.61916144
-0.51757178 0.52298422
-0.58744894 0.50027981
-0.55619887 0.4041025
-0.3079405 0.591098
-0.33919053 0.68727522
-0.40906759 0.66457053
-0.44031759 0.76074766
-0.51019469 0.73804306
-0.54144466 0.83422009
-0.61132178 0.81151559
-0.58007181 0.71533856
-0.64257172 0.90769253
-0.71244887 0.88498813
-0.68119894 0.78881119
-0.61869897 0.59645703
-0.68857616 0.57375272
-0.65732612 0.4775755
-0.64994897 0.69263416
-0.75107612 0.76610687
-0.71982616 0.66992984
-0.78970337 0.64722563
-0.75845337 0.5510485
-0.55619859 0.33062941
-0.55619847 0.25715628
-0.65732569 0.40410244
-0.65732541 0.33062934
-0.75845206 0.33062931
-0.75845194 0.25715619
-0.65732528 0.25715622
-0.65732531 0.18368306
-0.75845278 0.47757547
-0.75845234 0.40410241
-0.85957987 0.5510485
-0.85957928 0.47757547
-0.96070562 0.4775755
-0.96070519 0.40410244
-0.85957884 0.40410241
-0.85957856 0.33062931
-0.96070491 0.33062934
-0.96070478 0.25715622
-0.85957844 0.25715619
-1.0618314 0.4041025
-1.0618311 0.33062941
-1.1629571 0.3306295
-1.162957 0.25715637
-1.061831 0.25715628
-1.061831 0.18368313
-0.96070481 0.18368306
-0.75845197 0.18368303
-0.75845216 0.11020984
-0.85957847 0.18368303
-0.960705 0.11020988
-0.85957866 0.11020984
-0.859579 0.036736625
-0.96070519 0.036736719
-0.96070519 -0.036736406
-0.859579 -0.0367365
-1.0618314 0.11020994
-1.0618316 0.036736781
-1.1629581 0.036736813
-1.1629581 -0.036736312
-1.0618316 -0.036736344
-1.0618314 -0.11020944
-0.960705 -0.1102095
-1.1629576 0.18368316
-1.1629579 0.11020997
-1.2640837 0.25715637
-1.2640843 0.18368316
-1.3652112 0.18368313
-1.3652116 0.11020994
-1.2640847 0.11020997
-1.2640849 0.036736813
-1.3652118 0.036736781
-1.3652118 -0.036736344
-1.2640849 -0.036736312
-1.4663388 0.11020988
-1.4663389 0.036736719
-1.5674663 0.036736625
-1.5674663 -0.0367365
-1.4663389 -0.036736406
-1.4663388 -0.1102095
-1.3652116 -0.11020944
-1.1629579 -0.11020941
-1.1629576 -0.18368247
-1.061831 -0.1836825
-1.2640847 -0.11020941
-1.3652112 -0.1836825
-1.2640843 -0.18368247
-1.2640837 -0.2571555
-1.162957 -0.2571555
-0.85957866 -0.11020963
-0.75845216 -0.11020975
-0.96070481 -0.18368262
-0.85957847 -0.18368275
-1.061831 -0.25715562
-0.96070478 -0.25715575
-1.1629571 -0.33062863
-1.0618311 -0.33062875
-0.296004 0.43547942
-0.334631 0.31659739
-0.404508 0.22041975
-0.505635 0.1469465
-0.606762 0.07347325
-0.707889 0
-0.43575811 0.39007045
-0.39713108 0.50895236
-0.49825823 0.58242508
-0.53688533 0.46354336
-0.35850405 0.62783427
-0.45963114 0.7013068
-0.56075823 0.77477933
-0.66188533 0.84825186
-0.63801255 0.53701627
-0.59938539 0.6558978
-0.70051255 0.72937052
-0.73913977 0.61048917
-0.50563505 0.29389289
-0.60676214 0.36736592
-0.70788867 0.29389277
-0.60676189 0.22041967
-0.70788923 0.44083895
-0.80901633 0.51431198
-0.91014223 0.44083895
-0.80901545 0.36736586
-0.91014167 0.29389277
-1.0112681 0.36736592
-1.112394 0.29389289
-1.0112679 0.22041967
-0.70788873 0.14694645
-0.8090152 0.22041961
-0.91014173 0.14694645
-0.80901558 0.073473234
-0.91014209 1.09375e-07
-1.0112683 0.073473328
-1.1123948 2.34375e-07
-1.0112683 -0.073472922
-1.1123945 0.14694655
-1.2135207 0.22041977
-1.314648 0.14694655
-1.2135214 0.073473391
-1.3146483 2.34375e-07
-1.4157753 0.073473328
-1.5169026 1.09375e-07
-1.4157753 -0.073472922
-1.1123945 -0.14694595
-1.2135214 -0.073472859
-1.314648 -0.14694595
-1.2135207 -0.22041898
-0.80901558 -0.073473125
-0.91014173 -0.14694612
-1.0112679 -0.22041912
-1.112394 -0.29389213
