MFEM mesh v1.0

#
# MFEM Geometry Types (see fem/geom.hpp):
#
# POINT       = 0
# SEGMENT     = 1
# TRIANGLE    = 2
# SQUARE      = 3
# TETRAHEDRON = 4
# CUBE        = 5
# PRISM       = 6
#

dimension
2

elements
108
1 3 9 40 106 43
1 3 40 13 41 106
1 3 106 41 32 42
1 3 43 106 42 16
1 3 13 44 107 41
1 3 44 3 45 107
1 3 107 45 14 46
1 3 41 107 46 32
1 3 32 46 108 49
1 3 46 14 47 108
1 3 108 47 1 48
1 3 49 108 48 15
1 3 16 42 109 51
1 3 42 32 49 109
1 3 109 49 15 50
1 3 51 109 50 4
1 3 12 52 110 54
1 3 52 9 43 110
1 3 110 43 16 53
1 3 54 110 53 33
1 3 33 53 111 56
1 3 53 16 51 111
1 3 111 51 4 55
1 3 56 111 55 17
1 3 17 55 112 59
1 3 55 4 57 112
1 3 112 57 18 58
1 3 59 112 58 34
1 3 34 58 113 62
1 3 58 18 60 113
1 3 113 60 10 61
1 3 62 113 61 19
1 3 20 63 114 65
1 3 63 34 62 114
1 3 114 62 19 64
1 3 65 114 64 7
1 3 4 50 115 57
1 3 50 15 66 115
1 3 115 66 35 67
1 3 57 115 67 18
1 3 15 48 116 66
1 3 48 1 68 116
1 3 116 68 21 69
1 3 66 116 69 35
1 3 35 69 117 72
1 3 69 21 70 117
1 3 117 70 5 71
1 3 72 117 71 22
1 3 18 67 118 60
1 3 67 35 72 118
1 3 118 72 22 73
1 3 60 118 73 10
1 3 10 73 119 76
1 3 73 22 74 119
1 3 119 74 36 75
1 3 76 119 75 25
1 3 22 71 120 74
1 3 71 5 77 120
1 3 120 77 23 78
1 3 74 120 78 36
1 3 36 78 121 81
1 3 78 23 79 121
1 3 121 79 0 80
1 3 81 121 80 24
1 3 25 75 122 83
1 3 75 36 81 122
1 3 122 81 24 82
1 3 83 122 82 6
1 3 7 64 123 86
1 3 64 19 84 123
1 3 123 84 37 85
1 3 86 123 85 27
1 3 19 61 124 84
1 3 61 10 76 124
1 3 124 76 25 87
1 3 84 124 87 37
1 3 37 87 125 89
1 3 87 25 83 125
1 3 125 83 6 88
1 3 89 125 88 26
1 3 27 85 126 91
1 3 85 37 89 126
1 3 126 89 26 90
1 3 91 126 90 2
1 3 38 92 127 94
1 3 92 20 65 127
1 3 127 65 7 93
1 3 94 127 93 29
1 3 28 95 128 97
1 3 95 38 94 128
1 3 128 94 29 96
1 3 97 128 96 11
1 3 11 96 129 100
1 3 96 29 98 129
1 3 129 98 39 99
1 3 100 129 99 31
1 3 29 93 130 98
1 3 93 7 86 130
1 3 130 86 27 101
1 3 98 130 101 39
1 3 39 101 131 103
1 3 101 27 91 131
1 3 131 91 2 102
1 3 103 131 102 30
1 3 31 99 132 105
1 3 99 39 103 132
1 3 132 103 30 104
1 3 105 132 104 8

boundary
48
1 1 2 102
1 1 102 30
1 1 30 104
1 1 104 8
1 1 1 68
1 1 68 21
1 1 21 70
1 1 70 5
1 1 5 77
1 1 77 23
1 1 23 79
1 1 79 0
1 1 0 80
1 1 80 24
1 1 24 82
1 1 82 6
1 1 6 88
1 1 88 26
1 1 26 90
1 1 90 2
1 1 3 45
1 1 45 14
1 1 14 47
1 1 47 1
4 1 52 9
4 1 44 3
4 1 9 40
4 1 54 12
4 1 17 56
4 1 59 17
4 1 20 63
4 1 11 97
4 1 28 95
4 1 92 20
4 1 100 11
4 1 8 105
4 1 12 52
4 1 13 44
4 1 40 13
4 1 33 54
4 1 56 33
4 1 34 59
4 1 63 34
4 1 95 38
4 1 38 92
4 1 97 28
4 1 31 100
4 1 105 31

vertices
133
2
-0.5 1.53884
-0.0954915 1.24495
-0.654508 1.06331
0.10676275 1.0980035
-0.17274575 1.0071855
-0.29774575 1.391895
-0.577254 1.301075
-0.452254 0.9163655
-0.7317625 0.8255475
0.029508375 0.86023925
-0.37499987 1.1541303
-0.52950825 0.67860225
-0.0091188125 0.74135712
0.068135562 0.97912137
0.005635625 1.1714768
-0.13411862 1.1260678
-0.071618688 0.93371238
-0.21137288 0.88830325
-0.27387281 1.0806579
-0.41362694 1.0352479
-0.351127 0.84289325
-0.19661863 1.3184225
-0.33637281 1.2730126
-0.39887288 1.4653675
-0.538627 1.4199575
-0.47612694 1.2276026
-0.615881 1.1821925
-0.553381 0.98983775
-0.42838113 0.60512963
-0.49088113 0.79748387
-0.69313525 0.94442875
-0.63063537 0.75207487
-0.032991531 1.0525946
-0.11024584 0.81483019
-0.31249991 0.96177556
-0.23524572 1.1995402
-0.43749991 1.3464851
-0.51475397 1.1087202
-0.38975406 0.72401144
-0.59200819 0.87095631
0.048821969 0.91968031
0.017572016 1.015858
-0.052305109 0.99315347
-0.021055156 0.89697581
0.087449156 1.0385624
0.056199187 1.1347401
-0.013677953 1.1120357
-0.044927938 1.2082134
-0.11480506 1.1855089
-0.083555078 1.0893312
-0.15343219 1.0666266
-0.12218222 0.97044894
0.010194781 0.80079819
-0.090932266 0.87427128
-0.059682328 0.77809366
-0.19205931 0.94774438
-0.16080936 0.85156672
-0.22330928 1.0439217
-0.29318636 1.0212167
-0.26193639 0.92503941
-0.32443634 1.1173941
-0.39431341 1.0946891
-0.36306342 0.99851172
-0.33181345 0.90233441
-0.43294047 0.97580669
-0.4016905 0.87962937
-0.18468217 1.162804
-0.25455927 1.140099
-0.14605506 1.2816862
-0.21593217 1.2589813
-0.24718219 1.3551587
-0.31705928 1.3324538
-0.28580927 1.2362764
-0.35568634 1.2135714
-0.38693636 1.3097488
-0.45681342 1.2870438
-0.42556341 1.1908664
-0.34830931 1.4286313
-0.41818639 1.4059263
-0.44943644 1.5021037
-0.5193135 1.4793988
-0.48806345 1.3832213
-0.5579405 1.3605162
-0.52669047 1.2643388
-0.46419045 1.071984
-0.53406748 1.049279
-0.5028175 0.95310162
-0.49544045 1.1681614
-0.5965675 1.2416338
-0.56531748 1.1454563
-0.6351945 1.1227512
-0.6039445 1.0265739
-0.37044053 0.78345234
-0.47156756 0.85692469
-0.44031759 0.76074766
-0.40906759 0.66457053
-0.51019469 0.73804306
-0.47894469 0.64186594
-0.54144466 0.83422009
-0.61132178 0.81151559
-0.58007181 0.71533856
-0.57269459 0.93039703
-0.67382162 1.0038694
-0.64257172 0.90769253
-0.71244887 0.88498813
-0.68119894 0.78881119
-0.0017415703 0.95641689
0.036885602 1.075299
-0.064241508 1.1487723
-0.10286865 1.02989
-0.040368742 0.83753473
-0.14149579 0.91100783
-0.24262284 0.98448055
-0.34374988 1.0579529
-0.38237696 0.93907055
-0.20399573 1.1033628
-0.16536862 1.2222451
-0.26649573 1.2957176
-0.3051228 1.1768352
-0.40624988 1.2503076
-0.36762284 1.36919
-0.46874995 1.4426625
-0.50737696 1.32378
-0.48350398 1.0125428
-0.44487693 1.1314252
-0.54600398 1.2048976
-0.58463099 1.0860151
-0.42100405 0.82018852
-0.45963114 0.7013068
-0.56075823 0.77477933
-0.52213108 0.89366086
-0.62325811 0.9671332
-0.66188533 0.84825186
