MFEM mesh v1.0

#
# MFEM Geometry Types (see fem/geom.hpp):
#
# POINT       = 0
# SEGMENT     = 1
# TRIANGLE    = 2
# SQUARE      = 3
# TETRAHEDRON = 4
# CUBE        = 5
# PRISM       = 6
#

dimension
2

elements
212
1 3 53 69 190 72
1 3 69 19 70 190
1 3 190 70 15 71
1 3 72 190 71 20
1 3 54 73 191 76
1 3 73 21 74 191
1 3 191 74 6 75
1 3 76 191 75 22
1 3 19 77 192 70
1 3 77 54 76 192
1 3 192 76 22 78
1 3 70 192 78 15
1 3 15 78 193 81
1 3 78 22 79 193
1 3 193 79 55 80
1 3 81 193 80 25
1 3 22 75 194 79
1 3 75 6 82 194
1 3 194 82 23 83
1 3 79 194 83 55
1 3 55 83 195 86
1 3 83 23 84 195
1 3 195 84 5 85
1 3 86 195 85 24
1 3 25 80 196 88
1 3 80 55 86 196
1 3 196 86 24 87
1 3 88 196 87 7
1 3 20 71 197 90
1 3 71 15 81 197
1 3 197 81 25 89
1 3 90 197 89 56
1 3 56 89 198 92
1 3 89 25 88 198
1 3 198 88 7 91
1 3 92 198 91 26
1 3 2 93 199 96
1 3 93 27 94 199
1 3 199 94 57 95
1 3 96 199 95 21
1 3 27 97 200 94
1 3 97 8 98 200
1 3 200 98 28 99
1 3 94 200 99 57
1 3 57 99 201 102
1 3 99 28 100 201
1 3 201 100 16 101
1 3 102 201 101 29
1 3 21 95 202 74
1 3 95 57 102 202
1 3 202 102 29 103
1 3 74 202 103 6
1 3 8 104 203 98
1 3 104 30 105 203
1 3 203 105 58 106
1 3 98 203 106 28
1 3 30 107 204 105
1 3 107 0 108 204
1 3 204 108 31 109
1 3 105 204 109 58
1 3 58 109 205 112
1 3 109 31 110 205
1 3 205 110 9 111
1 3 112 205 111 32
1 3 28 106 206 100
1 3 106 58 112 206
1 3 206 112 32 113
1 3 100 206 113 16
1 3 16 113 207 116
1 3 113 32 114 207
1 3 207 114 59 115
1 3 116 207 115 35
1 3 32 111 208 114
1 3 111 9 117 208
1 3 208 117 33 118
1 3 114 208 118 59
1 3 59 118 209 121
1 3 118 33 119 209
1 3 209 119 3 120
1 3 121 209 120 34
1 3 35 115 210 123
1 3 115 59 121 210
1 3 210 121 34 122
1 3 123 210 122 10
1 3 6 103 211 82
1 3 103 29 124 211
1 3 211 124 60 125
1 3 82 211 125 23
1 3 29 101 212 124
1 3 101 16 116 212
1 3 212 116 35 126
1 3 124 212 126 60
1 3 60 126 213 128
1 3 126 35 123 213
1 3 213 123 10 127
1 3 128 213 127 36
1 3 23 125 214 84
1 3 125 60 128 214
1 3 214 128 36 129
1 3 84 214 129 5
1 3 5 129 215 132
1 3 129 36 130 215
1 3 215 130 61 131
1 3 132 215 131 39
1 3 36 127 216 130
1 3 127 10 133 216
1 3 216 133 37 134
1 3 130 216 134 61
1 3 61 134 217 137
1 3 134 37 135 217
1 3 217 135 17 136
1 3 137 217 136 38
1 3 39 131 218 139
1 3 131 61 137 218
1 3 218 137 38 138
1 3 139 218 138 13
1 3 10 122 219 133
1 3 122 34 140 219
1 3 219 140 62 141
1 3 133 219 141 37
1 3 34 120 220 140
1 3 120 3 142 220
1 3 220 142 40 143
1 3 140 220 143 62
1 3 62 143 221 146
1 3 143 40 144 221
1 3 221 144 11 145
1 3 146 221 145 41
1 3 37 141 222 135
1 3 141 62 146 222
1 3 222 146 41 147
1 3 135 222 147 17
1 3 17 147 223 150
1 3 147 41 148 223
1 3 223 148 63 149
1 3 150 223 149 44
1 3 41 145 224 148
1 3 145 11 151 224
1 3 224 151 42 152
1 3 148 224 152 63
1 3 63 152 225 155
1 3 152 42 153 225
1 3 225 153 1 154
1 3 155 225 154 43
1 3 44 149 226 157
1 3 149 63 155 226
1 3 226 155 43 156
1 3 157 226 156 12
1 3 13 138 227 160
1 3 138 38 158 227
1 3 227 158 64 159
1 3 160 227 159 46
1 3 38 136 228 158
1 3 136 17 150 228
1 3 228 150 44 161
1 3 158 228 161 64
1 3 64 161 229 163
1 3 161 44 157 229
1 3 229 157 12 162
1 3 163 229 162 45
1 3 46 159 230 165
1 3 159 64 163 230
1 3 230 163 45 164
1 3 165 230 164 4
1 3 26 91 231 168
1 3 91 7 166 231
1 3 231 166 47 167
1 3 168 231 167 65
1 3 65 167 232 171
1 3 167 47 169 232
1 3 232 169 18 170
1 3 171 232 170 48
1 3 7 87 233 166
1 3 87 24 172 233
1 3 233 172 66 173
1 3 166 233 173 47
1 3 24 85 234 172
1 3 85 5 132 234
1 3 234 132 39 174
1 3 172 234 174 66
1 3 66 174 235 176
1 3 174 39 139 235
1 3 235 139 13 175
1 3 176 235 175 49
1 3 47 173 236 169
1 3 173 66 176 236
1 3 236 176 49 177
1 3 169 236 177 18
1 3 18 177 237 180
1 3 177 49 178 237
1 3 237 178 67 179
1 3 180 237 179 51
1 3 49 175 238 178
1 3 175 13 160 238
1 3 238 160 46 181
1 3 178 238 181 67
1 3 67 181 239 183
1 3 181 46 165 239
1 3 239 165 4 182
1 3 183 239 182 50
1 3 51 179 240 185
1 3 179 67 183 240
1 3 240 183 50 184
1 3 185 240 184 14
1 3 48 170 241 187
1 3 170 18 180 241
1 3 241 180 51 186
1 3 187 241 186 68
1 3 68 186 242 189
1 3 186 51 185 242
1 3 242 185 14 188
1 3 189 242 188 52

boundary
60
1 1 4 182
1 1 182 50
1 1 50 184
1 1 184 14
1 1 14 188
1 1 188 52
1 1 3 142
1 1 142 40
1 1 40 144
1 1 144 11
1 1 11 151
1 1 151 42
1 1 42 153
1 1 153 1
1 1 1 154
1 1 154 43
1 1 43 156
1 1 156 12
1 1 12 162
1 1 162 45
1 1 45 164
1 1 164 4
1 1 0 108
1 1 108 31
1 1 31 110
1 1 110 9
1 1 9 117
1 1 117 33
1 1 33 119
1 1 119 3
4 1 69 19
4 1 20 72
4 1 19 77
4 1 96 2
4 1 73 21
4 1 90 20
4 1 26 92
4 1 2 93
4 1 97 8
4 1 8 104
4 1 107 0
4 1 168 26
4 1 48 171
4 1 187 48
4 1 52 189
4 1 53 69
4 1 77 54
4 1 21 96
4 1 54 73
4 1 93 27
4 1 27 97
4 1 104 30
4 1 30 107
4 1 72 53
4 1 56 90
4 1 92 56
4 1 65 168
4 1 171 65
4 1 68 187
4 1 189 68

vertices
243
2
1 0
1.30902 0.951057
0.5 0
1.15451 0.475529
0.809019 0.951057
0.654509 0.475529
0.5772545 0.2377645
0.4045085 0.475529
0.75 0
1.077255 0.2377645
0.9045095 0.475529
1.231765 0.713293
1.0590195 0.951057
0.731764 0.713293
0.559018 0.951057
0.32725425 0.2377645
0.82725475 0.2377645
0.9817645 0.713293
0.48176325 0.713293
0.28862712 0.11888225
0.20225413 0.2377645
0.53862725 0.11888225
0.45225437 0.2377645
0.61588175 0.35664675
0.52950875 0.475529
0.36588138 0.35664675
0.27950825 0.475529
0.625 0
0.78862738 0.11888225
0.70225463 0.2377645
0.875 0
1.0386275 0.11888225
0.95225488 0.2377645
1.1158825 0.35664675
1.0295097 0.475529
0.86588212 0.35664675
0.77950925 0.475529
0.943137 0.594411
0.85676425 0.713293
0.6931365 0.594411
1.1931375 0.594411
1.1067647 0.713293
1.2703925 0.832175
1.1840198 0.951057
1.020392 0.832175
0.93401925 0.951057
0.7703915 0.832175
0.44313587 0.594411
0.35676287 0.713293
0.60676363 0.713293
0.6840185 0.951057
0.52039062 0.832175
0.4340175 0.951057
0.16362706 0.11888225
0.41362719 0.11888225
0.49088156 0.35664675
0.24088119 0.35664675
0.66362731 0.11888225
0.91362744 0.11888225
0.99088231 0.35664675
0.74088194 0.35664675
0.81813675 0.594411
1.0681372 0.594411
1.1453923 0.832175
0.89539175 0.832175
0.31813556 0.594411
0.56813619 0.594411
0.64539106 0.832175
0.39539019 0.832175
0.22612709 0.11888225
0.30794069 0.17832338
0.26475419 0.2377645
0.18294059 0.17832338
0.47612722 0.11888225
0.55794088 0.17832338
0.51475444 0.2377645
0.43294078 0.17832338
0.35112716 0.11888225
0.38975431 0.2377645
0.47156797 0.29720563
0.42838147 0.35664675
0.34656781 0.29720563
0.59656813 0.29720563
0.55338166 0.35664675
0.63519538 0.41608787
0.59200887 0.475529
0.51019516 0.41608787
0.46700862 0.475529
0.38519494 0.41608787
0.30338128 0.35664675
0.22156766 0.29720563
0.34200838 0.475529
0.26019472 0.41608787
0.5625 0
0.64431366 0.059441125
0.60112728 0.11888225
0.51931363 0.059441125
0.6875 0
0.76931369 0.059441125
0.72612734 0.11888225
0.80794106 0.17832338
0.76475469 0.2377645
0.68294097 0.17832338
0.63975456 0.2377645
0.8125 0
0.89431372 0.059441125
0.85112741 0.11888225
0.9375 0
1.0193138 0.059441125
0.97612747 0.11888225
1.0579413 0.17832338
1.0147549 0.2377645
0.93294116 0.17832338
0.88975481 0.2377645
0.97156859 0.29720563
0.92838222 0.35664675
0.84656844 0.29720563
1.0965688 0.29720563
1.0533824 0.35664675
1.1351962 0.41608787
1.0920099 0.475529
1.010196 0.41608787
0.96700962 0.475529
0.88519581 0.41608787
0.72156828 0.29720563
0.67838184 0.35664675
0.80338203 0.35664675
0.84200937 0.475529
0.76019559 0.41608787
0.71700913 0.475529
0.798823 0.53497
0.75563663 0.594411
0.67382275 0.53497
0.92382325 0.53497
0.88063687 0.594411
0.96245075 0.653852
0.91926438 0.713293
0.8374505 0.653852
0.79426413 0.713293
0.71245025 0.653852
1.0488235 0.53497
1.0056371 0.594411
1.1738237 0.53497
1.1306374 0.594411
1.2124512 0.653852
1.1692649 0.713293
1.087451 0.653852
1.0442646 0.713293
1.1260785 0.772734
1.0828921 0.832175
1.0010782 0.772734
1.2510788 0.772734
1.2078924 0.832175
1.2897063 0.891616
1.2465199 0.951057
1.164706 0.891616
1.1215196 0.951057
1.0397057 0.891616
0.876078 0.772734
0.83289163 0.832175
0.75107775 0.772734
0.95789188 0.832175
0.99651937 0.951057
0.9147055 0.891616
0.87151913 0.951057
0.78970525 0.891616
0.42382219 0.53497
0.38063572 0.594411
0.29882191 0.53497
0.46244956 0.653852
0.41926306 0.713293
0.33744922 0.653852
0.54882247 0.53497
0.50563603 0.594411
0.63063634 0.594411
0.66926381 0.713293
0.58744991 0.653852
0.54426344 0.713293
0.62607734 0.772734
0.58289084 0.832175
0.50107694 0.772734
0.70789128 0.832175
0.74651875 0.951057
0.66470478 0.891616
0.62151825 0.951057
0.53970431 0.891616
0.45789041 0.832175
0.37607653 0.772734
0.49651775 0.951057
0.41470384 0.891616
0.24544064 0.17832338
0.49544083 0.17832338
0.37044073 0.17832338
0.40906789 0.29720563
0.53406805 0.29720563
0.57269527 0.41608787
0.44769505 0.41608787
0.28406773 0.29720563
0.32269483 0.41608787
0.58181364 0.059441125
0.70681367 0.059441125
0.74544102 0.17832338
0.62044092 0.17832338
0.8318137 0.059441125
0.95681373 0.059441125
0.9954412 0.17832338
0.87044111 0.17832338
0.90906852 0.29720563
1.0340687 0.29720563
1.0726961 0.41608787
0.94769592 0.41608787
0.6590682 0.29720563
0.78406836 0.29720563
0.8226957 0.41608787
0.69769548 0.41608787
0.73632288 0.53497
0.86132312 0.53497
0.89995063 0.653852
0.77495038 0.653852
0.98632338 0.53497
1.1113236 0.53497
1.1499511 0.653852
1.0249509 0.653852
1.0635784 0.772734
1.1885786 0.772734
1.2272061 0.891616
1.1022059 0.891616
0.81357788 0.772734
0.93857813 0.772734
0.97720562 0.891616
0.85220538 0.891616
0.36132205 0.53497
0.39994939 0.653852
0.48632233 0.53497
0.61132261 0.53497
0.64995008 0.653852
0.52494973 0.653852
0.56357714 0.772734
0.68857755 0.772734
0.72720502 0.891616
0.60220455 0.891616
0.43857673 0.772734
0.47720408 0.891616
