MFEM mesh v1.0

#
# MFEM Geometry Types (see fem/geom.hpp):
#
# POINT       = 0
# SEGMENT     = 1
# TRIANGLE    = 2
# SQUARE      = 3
# TETRAHEDRON = 4
# CUBE        = 5
# PRISM       = 6
#

dimension
2

elements
108
1 3 0 41 108 44
1 3 41 11 42 108
1 3 108 42 32 43
1 3 44 108 43 13
1 3 13 43 109 47
1 3 43 32 45 109
1 3 109 45 12 46
1 3 47 109 46 3
1 3 0 44 110 50
1 3 44 13 48 110
1 3 110 48 33 49
1 3 50 110 49 16
1 3 13 47 111 48
1 3 47 3 51 111
1 3 111 51 14 52
1 3 48 111 52 33
1 3 33 52 112 55
1 3 52 14 53 112
1 3 112 53 9 54
1 3 55 112 54 15
1 3 16 49 113 57
1 3 49 33 55 113
1 3 113 55 15 56
1 3 57 113 56 5
1 3 5 56 114 60
1 3 56 15 58 114
1 3 114 58 34 59
1 3 60 114 59 19
1 3 15 54 115 58
1 3 54 9 61 115
1 3 115 61 17 62
1 3 58 115 62 34
1 3 34 62 116 65
1 3 62 17 63 116
1 3 116 63 4 64
1 3 65 116 64 18
1 3 19 59 117 67
1 3 59 34 65 117
1 3 117 65 18 66
1 3 67 117 66 2
1 3 0 50 118 70
1 3 50 16 68 118
1 3 118 68 35 69
1 3 70 118 69 21
1 3 16 57 119 68
1 3 57 5 71 119
1 3 119 71 20 72
1 3 68 119 72 35
1 3 5 60 120 71
1 3 60 19 73 120
1 3 120 73 36 74
1 3 71 120 74 20
1 3 19 67 121 73
1 3 67 2 75 121
1 3 121 75 22 76
1 3 73 121 76 36
1 3 2 66 122 79
1 3 66 18 77 122
1 3 122 77 37 78
1 3 79 122 78 25
1 3 18 64 123 77
1 3 64 4 80 123
1 3 123 80 23 81
1 3 77 123 81 37
1 3 37 81 124 84
1 3 81 23 82 124
1 3 124 82 10 83
1 3 84 124 83 24
1 3 25 78 125 86
1 3 78 37 84 125
1 3 125 84 24 85
1 3 86 125 85 8
1 3 8 85 126 89
1 3 85 24 87 126
1 3 126 87 38 88
1 3 89 126 88 28
1 3 24 83 127 87
1 3 83 10 90 127
1 3 127 90 26 91
1 3 87 127 91 38
1 3 38 91 128 94
1 3 91 26 92 128
1 3 128 92 7 93
1 3 94 128 93 27
1 3 28 88 129 96
1 3 88 38 94 129
1 3 129 94 27 95
1 3 96 129 95 1
1 3 2 79 130 75
1 3 79 25 97 130
1 3 130 97 39 98
1 3 75 130 98 22
1 3 25 86 131 97
1 3 86 8 99 131
1 3 131 99 29 100
1 3 97 131 100 39
1 3 22 98 132 103
1 3 98 39 101 132
1 3 132 101 30 102
1 3 103 132 102 6
1 3 8 89 133 99
1 3 89 28 104 133
1 3 133 104 40 105
1 3 99 133 105 29
1 3 28 96 134 104
1 3 96 1 106 134
1 3 134 106 31 107
1 3 104 134 107 40

boundary
52
1 1 7 93
1 1 93 27
1 1 27 95
1 1 95 1
1 1 1 106
1 1 106 31
8 1 0 41
8 1 11 42
8 1 45 12
8 1 46 3
8 1 3 51
8 1 53 9
8 1 9 61
8 1 63 4
8 1 69 21
8 1 70 0
8 1 20 72
8 1 74 20
8 1 22 76
8 1 6 103
8 1 4 80
8 1 82 10
8 1 10 90
8 1 92 7
8 1 29 100
8 1 101 30
8 1 102 6
8 1 105 29
8 1 31 107
8 1 41 11
8 1 35 69
8 1 21 70
8 1 42 32
8 1 32 45
8 1 12 46
8 1 51 14
8 1 14 53
8 1 61 17
8 1 17 63
8 1 80 23
8 1 72 35
8 1 36 74
8 1 76 36
8 1 103 22
8 1 23 82
8 1 90 26
8 1 26 92
8 1 100 39
8 1 39 101
8 1 30 102
8 1 40 105
8 1 107 40

vertices
135
2
0 0
-0.809017 0.587785
-0.404508 0.293893
0.077254 0.2377645
-0.327254 0.531657
-0.202254 0.1469465
-0.606762 0.1469465
-0.7317625 0.8255475
-0.6067625 0.440839
-0.125 0.38471075
-0.52950825 0.67860225
0.125 0
0.20225413 0.2377645
0.038627 0.11888225
-0.023873 0.31123762
-0.163627 0.26582862
-0.101127 0.07347325
-0.226127 0.45818388
-0.365881 0.412775
-0.303381 0.22041975
-0.303381 0.07347325
-0.101127 -0.07347325
-0.505635 0.22041975
-0.42838113 0.60512963
-0.56813537 0.55972062
-0.50563525 0.367366
-0.63063537 0.75207487
-0.77038975 0.70666625
-0.70788975 0.514312
-0.70788887 0.36736587
-0.70788862 0.22041963
-0.91014275 0.514312
0.16362706 0.11888225
-0.0625 0.19235544
-0.264754 0.33930181
-0.202254 0
-0.404508 0.1469465
-0.46700819 0.48624781
-0.66926256 0.63319344
-0.60676194 0.29389281
-0.80901581 0.44083894
0.0625 0
0.14431353 0.059441125
0.10112703 0.11888225
0.0193135 0.059441125
0.18294059 0.17832338
0.13975406 0.2377645
0.0579405 0.17832338
-0.0119365 0.15561884
-0.0818135 0.13291434
-0.0505635 0.036736625
0.0266905 0.27450106
-0.0431865 0.25179653
-0.0744365 0.34797419
-0.1443135 0.32526969
-0.1130635 0.22909203
-0.1829405 0.20638756
-0.1516905 0.11020988
-0.2141905 0.30256522
-0.2840675 0.27986078
-0.2528175 0.18368313
-0.1755635 0.42144731
-0.2454405 0.39874284
-0.2766905 0.49492044
-0.3465675 0.472216
-0.3153175 0.37603841
-0.3851945 0.353334
-0.3539445 0.25715637
-0.1516905 0.036736625
-0.1516905 -0.036736625
-0.0505635 -0.036736625
-0.2528175 0.11020988
-0.2528175 0.036736625
-0.3539445 0.18368313
-0.3539445 0.11020988
-0.4550715 0.25715637
-0.4550715 0.18368313
-0.41644459 0.44951141
-0.48632172 0.42680691
-0.45507162 0.3306295
-0.37781756 0.56839331
-0.44769466 0.54568872
-0.47894469 0.64186594
-0.54882181 0.61916144
-0.51757178 0.52298422
-0.58744894 0.50027981
-0.55619887 0.4041025
-0.61869897 0.59645703
-0.68857616 0.57375272
-0.65732612 0.4775755
-0.58007181 0.71533856
-0.64994897 0.69263416
-0.68119894 0.78881119
-0.75107612 0.76610687
-0.71982616 0.66992984
-0.78970337 0.64722563
-0.75845337 0.5510485
-0.55619859 0.33062941
-0.55619847 0.25715628
-0.65732569 0.40410244
-0.65732541 0.33062934
-0.65732528 0.25715622
-0.65732531 0.18368306
-0.5561985 0.18368313
-0.75845278 0.47757547
-0.75845234 0.40410241
-0.85957987 0.5510485
-0.85957928 0.47757547
0.081813516 0.059441125
0.12044055 0.17832338
-0.03125 0.096177734
0.007377 0.21505995
-0.09375 0.28853311
-0.132377 0.16965095
-0.233504 0.24312417
-0.194877 0.36200627
-0.296004 0.43547942
-0.334631 0.31659739
-0.101127 0
-0.202254 0.07347325
-0.303381 0.1469465
-0.404508 0.22041975
-0.43575811 0.39007045
-0.39713108 0.50895236
-0.49825823 0.58242508
-0.53688533 0.46354336
-0.63801255 0.53701627
-0.59938539 0.6558978
-0.70051255 0.72937052
-0.73913977 0.61048917
-0.50563505 0.29389289
-0.60676214 0.36736592
-0.60676189 0.22041967
-0.70788923 0.44083895
-0.80901633 0.51431198
