MFEM mesh v1.0

#
# MFEM Geometry Types (see fem/geom.hpp):
#
# POINT       = 0
# SEGMENT     = 1
# TRIANGLE    = 2
# SQUARE      = 3
# TETRAHEDRON = 4
# CUBE        = 5
# PRISM       = 6
#

dimension
2

elements
108
1 3 2 40 106 43
1 3 40 14 41 106
1 3 106 41 32 42
1 3 43 106 42 12
1 3 14 44 107 41
1 3 44 5 45 107
1 3 107 45 16 46
1 3 41 107 46 32
1 3 32 46 108 49
1 3 46 16 47 108
1 3 108 47 10 48
1 3 49 108 48 17
1 3 12 42 109 51
1 3 42 32 49 109
1 3 109 49 17 50
1 3 51 109 50 4
1 3 5 52 110 45
1 3 52 15 53 110
1 3 110 53 33 54
1 3 45 110 54 16
1 3 15 55 111 53
1 3 55 0 56 111
1 3 111 56 18 57
1 3 53 111 57 33
1 3 33 57 112 60
1 3 57 18 58 112
1 3 112 58 6 59
1 3 60 112 59 19
1 3 16 54 113 47
1 3 54 33 60 113
1 3 113 60 19 61
1 3 47 113 61 10
1 3 10 61 114 64
1 3 61 19 62 114
1 3 114 62 34 63
1 3 64 114 63 22
1 3 19 59 115 62
1 3 59 6 65 115
1 3 115 65 20 66
1 3 62 115 66 34
1 3 34 66 116 69
1 3 66 20 67 116
1 3 116 67 3 68
1 3 69 116 68 21
1 3 22 63 117 71
1 3 63 34 69 117
1 3 117 69 21 70
1 3 71 117 70 7
1 3 4 50 118 74
1 3 50 17 72 118
1 3 118 72 35 73
1 3 74 118 73 13
1 3 17 48 119 72
1 3 48 10 64 119
1 3 119 64 22 75
1 3 72 119 75 35
1 3 35 75 120 77
1 3 75 22 71 120
1 3 120 71 7 76
1 3 77 120 76 23
1 3 23 76 121 80
1 3 76 7 78 121
1 3 121 78 24 79
1 3 80 121 79 36
1 3 36 79 122 83
1 3 79 24 81 122
1 3 122 81 11 82
1 3 83 122 82 25
1 3 7 70 123 78
1 3 70 21 84 123
1 3 123 84 37 85
1 3 78 123 85 24
1 3 21 68 124 84
1 3 68 3 86 124
1 3 124 86 26 87
1 3 84 124 87 37
1 3 37 87 125 90
1 3 87 26 88 125
1 3 125 88 8 89
1 3 90 125 89 27
1 3 24 85 126 81
1 3 85 37 90 126
1 3 126 90 27 91
1 3 81 126 91 11
1 3 11 91 127 94
1 3 91 27 92 127
1 3 127 92 38 93
1 3 94 127 93 30
1 3 27 89 128 92
1 3 89 8 95 128
1 3 128 95 28 96
1 3 92 128 96 38
1 3 38 96 129 99
1 3 96 28 97 129
1 3 129 97 1 98
1 3 99 129 98 29
1 3 30 93 130 101
1 3 93 38 99 130
1 3 130 99 29 100
1 3 101 130 100 9
1 3 25 82 131 103
1 3 82 11 94 131
1 3 131 94 30 102
1 3 103 131 102 39
1 3 39 102 132 105
1 3 102 30 101 132
1 3 132 101 9 104
1 3 105 132 104 31

boundary
48
1 1 3 86
1 1 86 26
1 1 26 88
1 1 88 8
1 1 8 95
1 1 95 28
1 1 28 97
1 1 97 1
1 1 1 98
1 1 98 29
1 1 29 100
1 1 100 9
1 1 9 104
1 1 104 31
1 1 0 56
1 1 56 18
1 1 18 58
1 1 58 6
1 1 6 65
1 1 65 20
1 1 20 67
1 1 67 3
11 1 43 2
11 1 4 51
11 1 74 4
11 1 2 40
11 1 44 5
11 1 5 52
11 1 55 0
11 1 73 13
11 1 23 77
11 1 80 23
11 1 25 83
11 1 103 25
11 1 31 105
11 1 12 43
11 1 51 12
11 1 13 74
11 1 40 14
11 1 14 44
11 1 52 15
11 1 15 55
11 1 35 73
11 1 77 35
11 1 36 80
11 1 83 36
11 1 39 103
11 1 105 39

vertices
133
2
-0.809017 -0.587785
-0.5 -1.53884
-0.404508 -0.293893
-0.654508 -1.06331
-0.327254 -0.5316565
-0.6067625 -0.440839
-0.7317625 -0.8255475
-0.452254 -0.916365
-0.577254 -1.301075
-0.29774575 -1.391895
-0.52950825 -0.678602
-0.37499987 -1.15413
-0.365881 -0.41277475
-0.288627 -0.65053825
-0.50563525 -0.367366
-0.70788975 -0.514312
-0.56813537 -0.5597205
-0.42838113 -0.60512925
-0.77038975 -0.70666625
-0.63063537 -0.75207475
-0.69313525 -0.94442875
-0.553381 -0.9898375
-0.49088113 -0.7974835
-0.351127 -0.8428925
-0.41362694 -1.0352475
-0.27387281 -1.0806575
-0.615881 -1.1821925
-0.47612694 -1.2276025
-0.538627 -1.4199575
-0.39887288 -1.4653675
-0.33637281 -1.2730125
-0.19661863 -1.3184225
-0.46700819 -0.48624762
-0.66926256 -0.63319338
-0.59200819 -0.87095612
-0.38975406 -0.72401088
-0.31249991 -0.961775
-0.51475397 -1.10872
-0.43749991 -1.346485
-0.23524572 -1.19954
-0.45507162 -0.3306295
-0.48632172 -0.42680681
-0.41644459 -0.44951119
-0.3851945 -0.35333388
-0.55619887 -0.4041025
-0.58744894 -0.50027975
-0.51757178 -0.52298406
-0.54882181 -0.61916125
-0.47894469 -0.64186562
-0.44769466 -0.54568844
-0.37781756 -0.56839288
-0.3465675 -0.47221562
-0.65732612 -0.4775755
-0.68857616 -0.57375269
-0.61869897 -0.59645694
-0.75845337 -0.5510485
-0.78970337 -0.64722563
-0.71982616 -0.66992981
-0.75107612 -0.76610687
-0.68119894 -0.78881113
-0.64994897 -0.69263406
-0.58007181 -0.71533837
-0.61132178 -0.81151544
-0.54144466 -0.83421981
-0.51019469 -0.73804275
-0.71244887 -0.88498813
-0.64257172 -0.90769244
-0.67382162 -1.0038694
-0.6039445 -1.0265737
-0.57269459 -0.93039681
-0.5028175 -0.95310125
-0.47156756 -0.85692425
-0.40906759 -0.66457006
-0.33919053 -0.68727456
-0.3079405 -0.59109737
-0.44031759 -0.76074719
-0.4016905 -0.87962875
-0.37044053 -0.78345169
-0.43294047 -0.97580625
-0.36306342 -0.99851125
-0.33181345 -0.90233375
-0.39431341 -1.0946887
-0.32443634 -1.1173938
-0.29318636 -1.0212163
-0.53406748 -1.0492788
-0.46419045 -1.0719838
-0.6351945 -1.1227512
-0.56531748 -1.1454563
-0.5965675 -1.2416338
-0.52669047 -1.2643388
-0.49544045 -1.1681613
-0.42556341 -1.1908663
-0.45681342 -1.2870438
-0.38693636 -1.3097488
-0.35568634 -1.2135713
-0.5579405 -1.3605162
-0.48806345 -1.3832213
-0.5193135 -1.4793988
-0.44943644 -1.5021037
-0.41818639 -1.4059262
-0.34830931 -1.4286313
-0.31705928 -1.3324537
-0.28580927 -1.2362762
-0.25455927 -1.1400987
-0.24718219 -1.3551587
-0.21593217 -1.2589813
-0.43575811 -0.39007034
-0.53688533 -0.46354328
-0.49825823 -0.58242484
-0.39713108 -0.50895203
-0.63801255 -0.53701622
-0.73913977 -0.61048916
-0.70051255 -0.72937047
-0.59938539 -0.65589766
-0.56075823 -0.77477909
-0.66188533 -0.84825178
-0.62325811 -0.96713309
-0.52213108 -0.89366053
-0.35850405 -0.62783372
-0.45963114 -0.70130641
-0.42100405 -0.82018797
-0.38237696 -0.93907
-0.34374988 -1.0579525
-0.48350398 -1.0125425
-0.58463099 -1.086015
-0.54600398 -1.2048975
-0.44487693 -1.131425
-0.40624988 -1.2503075
-0.50737696 -1.32378
-0.46874995 -1.4426625
-0.36762284 -1.36919
-0.3051228 -1.176835
-0.26649573 -1.2957175
