MFEM mesh v1.0

#
# MFEM Geometry Types (see fem/geom.hpp):
#
# POINT       = 0
# SEGMENT     = 1
# TRIANGLE    = 2
# SQUARE      = 3
# TETRAHEDRON = 4
# CUBE        = 5
# PRISM       = 6
#

dimension
2

elements
220
1 3 0 72 198 75
1 3 72 15 73 198
1 3 198 73 51 74
1 3 75 198 74 16
1 3 0 75 199 78
1 3 75 16 76 199
1 3 199 76 52 77
1 3 78 199 77 18
1 3 18 77 200 81
1 3 77 52 79 200
1 3 200 79 17 80
1 3 81 200 80 3
1 3 3 80 201 84
1 3 80 17 82 201
1 3 201 82 53 83
1 3 84 201 83 19
1 3 0 78 202 87
1 3 78 18 85 202
1 3 202 85 54 86
1 3 87 202 86 22
1 3 18 81 203 85
1 3 81 3 88 203
1 3 203 88 20 89
1 3 85 203 89 54
1 3 54 89 204 92
1 3 89 20 90 204
1 3 204 90 11 91
1 3 92 204 91 21
1 3 22 86 205 94
1 3 86 54 92 205
1 3 205 92 21 93
1 3 94 205 93 5
1 3 3 84 206 88
1 3 84 19 95 206
1 3 206 95 55 96
1 3 88 206 96 20
1 3 20 96 207 90
1 3 96 55 97 207
1 3 207 97 23 98
1 3 90 207 98 11
1 3 11 98 208 101
1 3 98 23 99 208
1 3 208 99 56 100
1 3 101 208 100 25
1 3 25 100 209 104
1 3 100 56 102 209
1 3 209 102 24 103
1 3 104 209 103 4
1 3 5 93 210 107
1 3 93 21 105 210
1 3 210 105 57 106
1 3 107 210 106 27
1 3 21 91 211 105
1 3 91 11 101 211
1 3 211 101 25 108
1 3 105 211 108 57
1 3 57 108 212 110
1 3 108 25 104 212
1 3 212 104 4 109
1 3 110 212 109 26
1 3 27 106 213 112
1 3 106 57 110 213
1 3 213 110 26 111
1 3 112 213 111 2
1 3 0 87 214 115
1 3 87 22 113 214
1 3 214 113 58 114
1 3 115 214 114 30
1 3 22 94 215 113
1 3 94 5 116 215
1 3 215 116 28 117
1 3 113 215 117 58
1 3 58 117 216 120
1 3 117 28 118 216
1 3 216 118 12 119
1 3 120 216 119 29
1 3 30 114 217 122
1 3 114 58 120 217
1 3 217 120 29 121
1 3 122 217 121 7
1 3 5 107 218 116
1 3 107 27 123 218
1 3 218 123 59 124
1 3 116 218 124 28
1 3 27 112 219 123
1 3 112 2 125 219
1 3 219 125 31 126
1 3 123 219 126 59
1 3 59 126 220 129
1 3 126 31 127 220
1 3 220 127 6 128
1 3 129 220 128 32
1 3 28 124 221 118
1 3 124 59 129 221
1 3 221 129 32 130
1 3 118 221 130 12
1 3 12 130 222 133
1 3 130 32 131 222
1 3 222 131 60 132
1 3 133 222 132 34
1 3 32 128 223 131
1 3 128 6 134 223
1 3 223 134 33 135
1 3 131 223 135 60
1 3 7 121 224 138
1 3 121 29 136 224
1 3 224 136 61 137
1 3 138 224 137 35
1 3 29 119 225 136
1 3 119 12 133 225
1 3 225 133 34 139
1 3 136 225 139 61
1 3 0 115 226 72
1 3 115 30 140 226
1 3 226 140 62 141
1 3 72 226 141 15
1 3 30 122 227 140
1 3 122 7 142 227
1 3 227 142 36 143
1 3 140 227 143 62
1 3 7 138 228 142
1 3 138 35 144 228
1 3 228 144 63 145
1 3 142 228 145 36
1 3 2 111 229 148
1 3 111 26 146 229
1 3 229 146 64 147
1 3 148 229 147 39
1 3 26 109 230 146
1 3 109 4 149 230
1 3 230 149 37 150
1 3 146 230 150 64
1 3 64 150 231 153
1 3 150 37 151 231
1 3 231 151 13 152
1 3 153 231 152 38
1 3 39 147 232 155
1 3 147 64 153 232
1 3 232 153 38 154
1 3 155 232 154 9
1 3 4 103 233 149
1 3 103 24 156 233
1 3 233 156 65 157
1 3 149 233 157 37
1 3 37 157 234 151
1 3 157 65 158 234
1 3 234 158 40 159
1 3 151 234 159 13
1 3 13 159 235 162
1 3 159 40 160 235
1 3 235 160 66 161
1 3 162 235 161 42
1 3 42 161 236 165
1 3 161 66 163 236
1 3 236 163 41 164
1 3 165 236 164 8
1 3 9 154 237 168
1 3 154 38 166 237
1 3 237 166 67 167
1 3 168 237 167 44
1 3 38 152 238 166
1 3 152 13 162 238
1 3 238 162 42 169
1 3 166 238 169 67
1 3 67 169 239 171
1 3 169 42 165 239
1 3 239 165 8 170
1 3 171 239 170 43
1 3 44 167 240 173
1 3 167 67 171 240
1 3 240 171 43 172
1 3 173 240 172 1
1 3 2 148 241 125
1 3 148 39 174 241
1 3 241 174 68 175
1 3 125 241 175 31
1 3 39 155 242 174
1 3 155 9 176 242
1 3 242 176 45 177
1 3 174 242 177 68
1 3 68 177 243 180
1 3 177 45 178 243
1 3 243 178 14 179
1 3 180 243 179 46
1 3 31 175 244 127
1 3 175 68 180 244
1 3 244 180 46 181
1 3 127 244 181 6
1 3 9 168 245 176
1 3 168 44 182 245
1 3 245 182 69 183
1 3 176 245 183 45
1 3 44 173 246 182
1 3 173 1 184 246
1 3 246 184 47 185
1 3 182 246 185 69
1 3 69 185 247 188
1 3 185 47 186 247
1 3 247 186 10 187
1 3 188 247 187 48
1 3 45 183 248 178
1 3 183 69 188 248
1 3 248 188 48 189
1 3 178 248 189 14
1 3 14 189 249 192
1 3 189 48 190 249
1 3 249 190 70 191
1 3 192 249 191 50
1 3 48 187 250 190
1 3 187 10 193 250
1 3 250 193 49 194
1 3 190 250 194 70
1 3 6 181 251 134
1 3 181 46 195 251
1 3 251 195 71 196
1 3 134 251 196 33
1 3 46 179 252 195
1 3 179 14 192 252
1 3 252 192 50 197
1 3 195 252 197 71

boundary
64
1 1 41 164
1 1 164 8
1 1 8 170
1 1 170 43
1 1 43 172
1 1 172 1
1 1 1 184
1 1 184 47
1 1 47 186
1 1 186 10
1 1 10 193
1 1 193 49
6 1 15 73
6 1 74 16
6 1 16 76
6 1 79 17
6 1 17 82
6 1 83 19
6 1 19 95
6 1 97 23
6 1 23 99
6 1 102 24
6 1 132 34
6 1 33 135
6 1 137 35
6 1 34 139
6 1 141 15
6 1 36 143
6 1 35 144
6 1 145 36
6 1 24 156
6 1 158 40
6 1 40 160
6 1 163 41
6 1 191 50
6 1 49 194
6 1 196 33
6 1 50 197
6 1 73 51
6 1 62 141
6 1 143 62
6 1 63 145
6 1 51 74
6 1 76 52
6 1 52 79
6 1 82 53
6 1 53 83
6 1 95 55
6 1 55 97
6 1 99 56
6 1 56 102
6 1 156 65
6 1 65 158
6 1 160 66
6 1 66 163
6 1 60 132
6 1 135 60
6 1 61 137
6 1 139 61
6 1 144 63
6 1 70 191
6 1 194 70
6 1 71 196
6 1 197 71

vertices
253
2
0 0
-0.809017 -0.587785
-0.404508 -0.293893
-0.202254 0.1469465
-0.606762 -0.1469465
-0.202254 -0.1469465
-0.327254 -0.5316565
0.077254 -0.2377645
-1.0112685 -0.4408385
-0.6067625 -0.440839
-0.7317625 -0.8255475
-0.404508 0
-0.125 -0.3847105
-0.80901525 -0.2938925
-0.52950825 -0.678602
0.125 0
0.038627 0.11888225
-0.163627 0.26582862
-0.101127 0.07347325
-0.303381 0.22041975
-0.303381 0.07347325
-0.303381 -0.07347325
-0.101127 -0.07347325
-0.505635 0.07347325
-0.707889 -0.07347325
-0.505635 -0.07347325
-0.505635 -0.22041975
-0.303381 -0.22041975
-0.163627 -0.2658285
-0.023873 -0.3112375
0.038627 -0.11888225
-0.365881 -0.41277475
-0.226127 -0.4581835
-0.288627 -0.65053825
-0.086373 -0.5035925
0.115881 -0.35664675
0.20225412 -0.2377645
-0.70788863 -0.2204195
-0.70788887 -0.36736575
-0.50563525 -0.367366
-0.91014162 -0.22041925
-1.1123942 -0.36736525
-0.91014187 -0.3673655
-0.91014275 -0.51431175
-0.70788975 -0.514312
-0.56813537 -0.5597205
-0.42838113 -0.60512925
-0.77038975 -0.70666625
-0.63063537 -0.75207475
-0.69313525 -0.94442875
-0.49088113 -0.7974835
0.16362706 0.11888225
-0.0625 0.19235544
-0.264754 0.33930181
-0.202254 0
-0.404508 0.1469465
-0.606762 0
-0.404508 -0.1469465
-0.0625 -0.19235537
-0.264754 -0.33930162
-0.1875 -0.57706537
0.014754 -0.43011963
0.16362706 -0.11888225
0.24088119 -0.35664675
-0.60676194 -0.29389275
-0.80901531 -0.14694625
-1.0112679 -0.29389225
-0.80901581 -0.44083875
-0.46700819 -0.48624762
-0.66926256 -0.63319338
-0.59200819 -0.87095612
-0.38975406 -0.72401088
0.0625 0
0.14431353 0.059441125
0.10112703 0.11888225
0.0193135 0.059441125
-0.0119365 0.15561884
-0.0818135 0.13291434
-0.0505635 0.036736625
-0.1130635 0.22909203
-0.1829405 0.20638756
-0.1516905 0.11020988
-0.2141905 0.30256522
-0.2840675 0.27986078
-0.2528175 0.18368313
-0.1516905 0.036736625
-0.1516905 -0.036736625
-0.0505635 -0.036736625
-0.2528175 0.11020988
-0.2528175 0.036736625
-0.3539445 0.036736625
-0.3539445 -0.036736625
-0.2528175 -0.036736625
-0.2528175 -0.11020988
-0.1516905 -0.11020988
-0.3539445 0.18368313
-0.3539445 0.11020988
-0.4550715 0.11020988
-0.4550715 0.036736625
-0.5561985 0.036736625
-0.5561985 -0.036736625
-0.4550715 -0.036736625
-0.6573255 -0.036736625
-0.6573255 -0.11020988
-0.5561985 -0.11020988
-0.3539445 -0.11020988
-0.3539445 -0.18368313
-0.2528175 -0.18368313
-0.4550715 -0.11020988
-0.5561985 -0.18368313
-0.4550715 -0.18368313
-0.4550715 -0.25715637
-0.3539445 -0.25715637
-0.0818135 -0.13291431
-0.0119365 -0.15561881
0.0193135 -0.059441125
-0.1829405 -0.2063875
-0.1130635 -0.22909194
-0.1443135 -0.3252695
-0.0744365 -0.347974
-0.0431865 -0.25179644
0.0266905 -0.274501
0.0579405 -0.17832338
-0.2840675 -0.27986069
-0.2141905 -0.30256506
-0.3851945 -0.35333388
-0.3153175 -0.37603819
-0.3465675 -0.47221562
-0.2766905 -0.49492
-0.2454405 -0.39874256
-0.1755635 -0.421447
-0.2068135 -0.51762444
-0.1369365 -0.54032894
-0.1056865 -0.4441515
-0.3079405 -0.59109737
-0.2380635 -0.61380181
-0.0045595 -0.37067856
0.0653175 -0.39338319
0.0965675 -0.29720563
-0.0358095 -0.46685606
0.10112703 -0.11888225
0.14431353 -0.059441125
0.13975406 -0.2377645
0.18294059 -0.17832338
0.17838109 -0.35664675
0.22156766 -0.29720563
-0.55619847 -0.25715625
-0.55619859 -0.33062938
-0.45507162 -0.3306295
-0.65732531 -0.183683
-0.65732528 -0.25715613
-0.75845194 -0.257156
-0.75845206 -0.33062912
-0.65732541 -0.33062925
-0.65732569 -0.40410238
-0.55619887 -0.4041025
-0.75845216 -0.11020975
-0.75845197 -0.18368287
-0.85957847 -0.18368275
-0.85957844 -0.25715588
-0.96070478 -0.25715575
-0.96070491 -0.33062887
-0.85957856 -0.330629
-1.0618311 -0.33062875
-1.0618314 -0.40410187
-0.96070519 -0.404102
-0.75845234 -0.40410225
-0.75845278 -0.47757538
-0.65732612 -0.4775755
-0.85957884 -0.40410212
-0.96070562 -0.47757513
-0.85957928 -0.47757525
-0.85957987 -0.55104838
-0.75845337 -0.5510485
-0.48632172 -0.42680681
-0.41644459 -0.44951119
-0.58744894 -0.50027975
-0.51757178 -0.52298406
-0.54882181 -0.61916125
-0.47894469 -0.64186562
-0.44769466 -0.54568844
-0.37781756 -0.56839288
-0.68857616 -0.57375269
-0.61869897 -0.59645694
-0.78970337 -0.64722563
-0.71982616 -0.66992981
-0.75107612 -0.76610687
-0.68119894 -0.78881113
-0.64994897 -0.69263406
-0.58007181 -0.71533837
-0.61132178 -0.81151544
-0.54144466 -0.83421981
-0.51019469 -0.73804275
-0.71244887 -0.88498813
-0.64257172 -0.90769244
-0.40906759 -0.66457006
-0.33919053 -0.68727456
-0.44031759 -0.76074719
0.081813516 0.059441125
-0.03125 0.096177734
-0.132377 0.16965095
-0.233504 0.24312417
-0.101127 0
-0.202254 0.07347325
-0.303381 0
-0.202254 -0.07347325
-0.303381 0.1469465
-0.404508 0.07347325
-0.505635 0
-0.606762 -0.07347325
-0.303381 -0.1469465
-0.404508 -0.07347325
-0.505635 -0.1469465
-0.404508 -0.22041975
-0.03125 -0.096177719
-0.132377 -0.16965091
-0.09375 -0.28853297
0.007377 -0.21505991
-0.233504 -0.24312409
-0.334631 -0.31659728
-0.296004 -0.43547909
-0.194877 -0.36200603
-0.15625 -0.48088797
-0.257377 -0.55436091
0.046004 -0.33394209
-0.055123 -0.40741503
0.081813516 -0.059441125
0.12044055 -0.17832338
0.15906758 -0.29720563
-0.50563505 -0.29389287
-0.60676189 -0.22041963
-0.70788867 -0.29389263
-0.60676214 -0.36736588
-0.70788873 -0.14694638
-0.8090152 -0.22041938
-0.91014167 -0.29389237
-1.0112681 -0.36736537
-0.70788923 -0.44083887
-0.80901545 -0.36736562
-0.91014223 -0.44083863
-0.80901633 -0.51431187
-0.43575811 -0.39007034
-0.53688533 -0.46354328
-0.49825823 -0.58242484
-0.39713108 -0.50895203
-0.63801255 -0.53701622
-0.73913977 -0.61048916
-0.70051255 -0.72937047
-0.59938539 -0.65589766
-0.56075823 -0.77477909
-0.66188533 -0.84825178
-0.35850405 -0.62783372
-0.45963114 -0.70130641
