MFEM mesh v1.0

#
# MFEM Geometry Types (see fem/geom.hpp):
#
# POINT       = 0
# SEGMENT     = 1
# TRIANGLE    = 2
# SQUARE      = 3
# TETRAHEDRON = 4
# CUBE        = 5
# PRISM       = 6
#

dimension
2

elements
108
1 3 11 39 104 42
1 3 39 1 40 104
1 3 104 40 12 41
1 3 42 104 41 30
1 3 9 43 105 46
1 3 43 13 44 105
1 3 105 44 31 45
1 3 46 105 45 16
1 3 13 47 106 44
1 3 47 4 48 106
1 3 106 48 14 49
1 3 44 106 49 31
1 3 31 49 107 52
1 3 49 14 50 107
1 3 107 50 3 51
1 3 52 107 51 15
1 3 16 45 108 54
1 3 45 31 52 108
1 3 108 52 15 53
1 3 54 108 53 5
1 3 32 55 109 57
1 3 55 16 54 109
1 3 109 54 5 56
1 3 57 109 56 17
1 3 11 58 110 39
1 3 58 32 57 110
1 3 110 57 17 59
1 3 39 110 59 1
1 3 1 60 111 40
1 3 60 18 61 111
1 3 111 61 33 62
1 3 40 111 62 12
1 3 18 63 112 61
1 3 63 6 64 112
1 3 112 64 19 65
1 3 61 112 65 33
1 3 6 66 113 64
1 3 66 20 67 113
1 3 113 67 34 68
1 3 64 113 68 19
1 3 20 69 114 67
1 3 69 0 70 114
1 3 114 70 21 71
1 3 67 114 71 34
1 3 1 59 115 60
1 3 59 17 72 115
1 3 115 72 35 73
1 3 60 115 73 18
1 3 17 56 116 72
1 3 56 5 74 116
1 3 116 74 24 75
1 3 72 116 75 35
1 3 35 75 117 78
1 3 75 24 76 117
1 3 117 76 10 77
1 3 78 117 77 25
1 3 18 73 118 63
1 3 73 35 78 118
1 3 118 78 25 79
1 3 63 118 79 6
1 3 5 53 119 74
1 3 53 15 80 119
1 3 119 80 36 81
1 3 74 119 81 24
1 3 15 51 120 80
1 3 51 3 82 120
1 3 120 82 22 83
1 3 80 120 83 36
1 3 36 83 121 86
1 3 83 22 84 121
1 3 121 84 7 85
1 3 86 121 85 26
1 3 24 81 122 76
1 3 81 36 86 122
1 3 122 86 26 87
1 3 76 122 87 10
1 3 10 87 123 90
1 3 87 26 88 123
1 3 123 88 37 89
1 3 90 123 89 28
1 3 26 85 124 88
1 3 85 7 91 124
1 3 124 91 23 92
1 3 88 124 92 37
1 3 37 92 125 95
1 3 92 23 93 125
1 3 125 93 2 94
1 3 95 125 94 27
1 3 28 89 126 97
1 3 89 37 95 126
1 3 126 95 27 96
1 3 97 126 96 8
1 3 6 79 127 66
1 3 79 25 98 127
1 3 127 98 38 99
1 3 66 127 99 20
1 3 25 77 128 98
1 3 77 10 90 128
1 3 128 90 28 100
1 3 98 128 100 38
1 3 38 100 129 102
1 3 100 28 97 129
1 3 129 97 8 101
1 3 102 129 101 29
1 3 20 99 130 69
1 3 99 38 102 130
1 3 130 102 29 103
1 3 69 130 103 0

boundary
44
1 1 2 94
1 1 94 27
1 1 27 96
1 1 96 8
1 1 8 101
1 1 101 29
1 1 29 103
1 1 103 0
1 1 0 70
1 1 70 21
6 1 42 11
6 1 12 41
6 1 47 4
6 1 9 43
6 1 46 9
6 1 4 48
6 1 50 3
6 1 11 58
6 1 55 16
6 1 62 12
6 1 19 65
6 1 68 19
6 1 21 71
6 1 3 82
6 1 84 7
6 1 7 91
6 1 93 2
6 1 30 42
6 1 41 30
6 1 33 62
6 1 65 33
6 1 34 68
6 1 71 34
6 1 13 47
6 1 43 13
6 1 16 46
6 1 58 32
6 1 32 55
6 1 48 14
6 1 14 50
6 1 82 22
6 1 22 84
6 1 91 23
6 1 23 93

vertices
131
2
1 0
0.5 0
1.15451 -0.475529
0.654509 -0.475529
0.4045085 -0.475529
0.5772545 -0.2377645
0.75 0
0.9045095 -0.475529
1.077255 -0.2377645
0.32725425 -0.2377645
0.82725475 -0.2377645
0.375 0
0.53862725 0.11888225
0.36588137 -0.35664675
0.52950875 -0.475529
0.61588175 -0.35664675
0.45225437 -0.2377645
0.53862725 -0.11888225
0.625 0
0.78862738 0.11888225
0.875 0
1.0386275 0.11888225
0.77950925 -0.475529
1.0295097 -0.475529
0.70225463 -0.2377645
0.78862738 -0.11888225
0.86588212 -0.35664675
1.1158825 -0.35664675
0.95225488 -0.2377645
1.0386275 -0.11888225
0.41362719 0.11888225
0.49088156 -0.35664675
0.41362719 -0.11888225
0.66362731 0.11888225
0.91362744 0.11888225
0.66362731 -0.11888225
0.74088194 -0.35664675
0.99088231 -0.35664675
0.91362744 -0.11888225
0.4375 0
0.51931363 0.059441125
0.47612722 0.11888225
0.39431359 0.059441125
0.34656781 -0.29720563
0.42838147 -0.35664675
0.47156797 -0.29720563
0.38975431 -0.2377645
0.38519494 -0.41608787
0.46700862 -0.475529
0.51019516 -0.41608787
0.59200887 -0.475529
0.63519538 -0.41608787
0.55338166 -0.35664675
0.59656813 -0.29720563
0.51475444 -0.2377645
0.43294078 -0.17832338
0.55794088 -0.17832338
0.47612722 -0.11888225
0.39431359 -0.059441125
0.51931363 -0.059441125
0.5625 0
0.64431366 0.059441125
0.60112728 0.11888225
0.6875 0
0.76931369 0.059441125
0.72612734 0.11888225
0.8125 0
0.89431372 0.059441125
0.85112741 0.11888225
0.9375 0
1.0193138 0.059441125
0.97612747 0.11888225
0.60112728 -0.11888225
0.64431366 -0.059441125
0.63975456 -0.2377645
0.68294097 -0.17832338
0.76475469 -0.2377645
0.80794106 -0.17832338
0.72612734 -0.11888225
0.76931369 -0.059441125
0.67838184 -0.35664675
0.72156828 -0.29720563
0.71700913 -0.475529
0.76019559 -0.41608787
0.84200937 -0.475529
0.88519581 -0.41608787
0.80338203 -0.35664675
0.84656844 -0.29720563
0.92838222 -0.35664675
0.97156859 -0.29720563
0.88975481 -0.2377645
0.96700962 -0.475529
1.010196 -0.41608787
1.0920099 -0.475529
1.1351962 -0.41608787
1.0533824 -0.35664675
1.0965688 -0.29720563
1.0147549 -0.2377645
0.85112741 -0.11888225
0.89431372 -0.059441125
0.93294116 -0.17832338
1.0579413 -0.17832338
0.97612747 -0.11888225
1.0193138 -0.059441125
0.45681361 0.059441125
0.40906789 -0.29720563
0.44769505 -0.41608787
0.57269527 -0.41608787
0.53406805 -0.29720563
0.49544083 -0.17832338
0.45681361 -0.059441125
0.58181364 0.059441125
0.70681367 0.059441125
0.8318137 0.059441125
0.95681373 0.059441125
0.58181364 -0.059441125
0.62044092 -0.17832338
0.74544102 -0.17832338
0.70681367 -0.059441125
0.6590682 -0.29720563
0.69769548 -0.41608787
0.8226957 -0.41608787
0.78406836 -0.29720563
0.90906852 -0.29720563
0.94769592 -0.41608787
1.0726961 -0.41608787
1.0340687 -0.29720563
0.8318137 -0.059441125
0.87044111 -0.17832338
0.9954412 -0.17832338
0.95681373 -0.059441125
