MFEM mesh v1.0

#
# MFEM Geometry Types (see fem/geom.hpp):
#
# POINT       = 0
# SEGMENT     = 1
# TRIANGLE    = 2
# SQUARE      = 3
# TETRAHEDRON = 4
# CUBE        = 5
# PRISM       = 6
#

dimension
2

elements
108
1 3 31 39 104 42
1 3 39 12 40 104
1 3 104 40 10 41
1 3 42 104 41 13
1 3 32 43 105 46
1 3 43 14 44 105
1 3 105 44 4 45
1 3 46 105 45 15
1 3 12 47 106 40
1 3 47 32 46 106
1 3 106 46 15 48
1 3 40 106 48 10
1 3 10 48 107 51
1 3 48 15 49 107
1 3 107 49 33 50
1 3 51 107 50 18
1 3 15 45 108 49
1 3 45 4 52 108
1 3 108 52 16 53
1 3 49 108 53 33
1 3 33 53 109 56
1 3 53 16 54 109
1 3 109 54 3 55
1 3 56 109 55 17
1 3 18 50 110 58
1 3 50 33 56 110
1 3 110 56 17 57
1 3 58 110 57 5
1 3 6 59 111 62
1 3 59 13 60 111
1 3 111 60 34 61
1 3 62 111 61 20
1 3 13 41 112 60
1 3 41 10 51 112
1 3 112 51 18 63
1 3 60 112 63 34
1 3 34 63 113 65
1 3 63 18 58 113
1 3 113 58 5 64
1 3 65 113 64 19
1 3 20 61 114 67
1 3 61 34 65 114
1 3 114 65 19 66
1 3 67 114 66 2
1 3 2 66 115 70
1 3 66 19 68 115
1 3 115 68 35 69
1 3 70 115 69 25
1 3 19 64 116 68
1 3 64 5 71 116
1 3 116 71 23 72
1 3 68 116 72 35
1 3 35 72 117 75
1 3 72 23 73 117
1 3 117 73 11 74
1 3 75 117 74 24
1 3 25 69 118 77
1 3 69 35 75 118
1 3 118 75 24 76
1 3 77 118 76 9
1 3 5 57 119 71
1 3 57 17 78 119
1 3 119 78 36 79
1 3 71 119 79 23
1 3 17 55 120 78
1 3 55 3 80 120
1 3 120 80 21 81
1 3 78 120 81 36
1 3 36 81 121 84
1 3 81 21 82 121
1 3 121 82 7 83
1 3 84 121 83 26
1 3 23 79 122 73
1 3 79 36 84 122
1 3 122 84 26 85
1 3 73 122 85 11
1 3 11 85 123 88
1 3 85 26 86 123
1 3 123 86 37 87
1 3 88 123 87 28
1 3 26 83 124 86
1 3 83 7 89 124
1 3 124 89 22 90
1 3 86 124 90 37
1 3 37 90 125 93
1 3 90 22 91 125
1 3 125 91 1 92
1 3 93 125 92 27
1 3 28 87 126 95
1 3 87 37 93 126
1 3 126 93 27 94
1 3 95 126 94 8
1 3 9 76 127 98
1 3 76 24 96 127
1 3 127 96 38 97
1 3 98 127 97 30
1 3 24 74 128 96
1 3 74 11 88 128
1 3 128 88 28 99
1 3 96 128 99 38
1 3 38 99 129 101
1 3 99 28 95 129
1 3 129 95 8 100
1 3 101 129 100 29
1 3 30 97 130 103
1 3 97 38 101 130
1 3 130 101 29 102
1 3 103 130 102 0

boundary
44
1 1 1 92
1 1 92 27
1 1 27 94
1 1 94 8
1 1 8 100
1 1 100 29
1 1 29 102
1 1 102 0
9 1 39 12
9 1 13 42
9 1 6 59
9 1 12 47
9 1 43 14
9 1 44 4
9 1 4 52
9 1 54 3
9 1 62 6
9 1 2 67
9 1 3 80
9 1 82 7
9 1 7 89
9 1 91 1
9 1 70 2
9 1 9 77
9 1 98 9
9 1 0 103
9 1 31 39
9 1 47 32
9 1 32 43
9 1 14 44
9 1 42 31
9 1 59 13
9 1 20 62
9 1 67 20
9 1 52 16
9 1 16 54
9 1 80 21
9 1 21 82
9 1 89 22
9 1 22 91
9 1 25 70
9 1 77 25
9 1 30 98
9 1 103 30

vertices
131
2
-0.809017 -0.587785
-1.21352 -0.293892
-0.404508 -0.293893
-0.809016 0
-0.606762 0.1469465
-0.606762 -0.1469465
-0.202254 -0.1469465
-1.011268 -0.146946
-1.0112685 -0.4408385
-0.6067625 -0.440839
-0.404508 0
-0.80901525 -0.2938925
-0.303381 0.07347325
-0.303381 -0.07347325
-0.505635 0.22041975
-0.505635 0.07347325
-0.707889 0.07347325
-0.707889 -0.07347325
-0.505635 -0.07347325
-0.505635 -0.22041975
-0.303381 -0.22041975
-0.910142 -0.073473
-1.112394 -0.220419
-0.70788863 -0.2204195
-0.70788887 -0.36736575
-0.50563525 -0.367366
-0.91014162 -0.22041925
-1.1123942 -0.36736525
-0.91014187 -0.3673655
-0.91014275 -0.51431175
-0.70788975 -0.514312
-0.202254 0
-0.404508 0.1469465
-0.606762 0
-0.404508 -0.1469465
-0.60676194 -0.29389275
-0.80901531 -0.14694625
-1.0112679 -0.29389225
-0.80901581 -0.44083875
-0.2528175 0.036736625
-0.3539445 0.036736625
-0.3539445 -0.036736625
-0.2528175 -0.036736625
-0.4550715 0.18368313
-0.5561985 0.18368313
-0.5561985 0.11020988
-0.4550715 0.11020988
-0.3539445 0.11020988
-0.4550715 0.036736625
-0.5561985 0.036736625
-0.5561985 -0.036736625
-0.4550715 -0.036736625
-0.6573255 0.11020988
-0.6573255 0.036736625
-0.7584525 0.036736625
-0.7584525 -0.036736625
-0.6573255 -0.036736625
-0.6573255 -0.11020988
-0.5561985 -0.11020988
-0.2528175 -0.11020988
-0.3539445 -0.11020988
-0.3539445 -0.18368313
-0.2528175 -0.18368313
-0.4550715 -0.11020988
-0.5561985 -0.18368313
-0.4550715 -0.18368313
-0.4550715 -0.25715637
-0.3539445 -0.25715637
-0.55619847 -0.25715625
-0.55619859 -0.33062938
-0.45507162 -0.3306295
-0.65732531 -0.183683
-0.65732528 -0.25715613
-0.75845194 -0.257156
-0.75845206 -0.33062912
-0.65732541 -0.33062925
-0.65732569 -0.40410238
-0.55619887 -0.4041025
-0.75845216 -0.11020975
-0.75845197 -0.18368287
-0.859579 -0.0367365
-0.85957866 -0.11020963
-0.960705 -0.1102095
-0.96070481 -0.18368262
-0.85957847 -0.18368275
-0.85957844 -0.25715588
-0.96070478 -0.25715575
-0.96070491 -0.33062887
-0.85957856 -0.330629
-1.061831 -0.1836825
-1.061831 -0.25715562
-1.162957 -0.2571555
-1.1629571 -0.33062863
-1.0618311 -0.33062875
-1.0618314 -0.40410187
-0.96070519 -0.404102
-0.75845234 -0.40410225
-0.75845278 -0.47757538
-0.65732612 -0.4775755
-0.85957884 -0.40410212
-0.96070562 -0.47757513
-0.85957928 -0.47757525
-0.85957987 -0.55104838
-0.75845337 -0.5510485
-0.303381 0
-0.505635 0.1469465
-0.404508 0.07347325
-0.505635 0
-0.606762 0.07347325
-0.707889 0
-0.606762 -0.07347325
-0.303381 -0.1469465
-0.404508 -0.07347325
-0.505635 -0.1469465
-0.404508 -0.22041975
-0.50563505 -0.29389287
-0.60676189 -0.22041963
-0.70788867 -0.29389263
-0.60676214 -0.36736588
-0.70788873 -0.14694638
-0.80901558 -0.073473125
-0.91014173 -0.14694612
-0.8090152 -0.22041938
-0.91014167 -0.29389237
-1.0112679 -0.22041912
-1.112394 -0.29389213
-1.0112681 -0.36736537
-0.70788923 -0.44083887
-0.80901545 -0.36736562
-0.91014223 -0.44083863
-0.80901633 -0.51431187
