MFEM mesh v1.0

#
# MFEM Geometry Types (see fem/geom.hpp):
#
# POINT       = 0
# SEGMENT     = 1
# TRIANGLE    = 2
# SQUARE      = 3
# TETRAHEDRON = 4
# CUBE        = 5
# PRISM       = 6
#

dimension
2

elements
108
1 3 31 39 104 42
1 3 39 14 40 104
1 3 104 40 10 41
1 3 42 104 41 15
1 3 12 43 105 45
1 3 43 31 42 105
1 3 105 42 15 44
1 3 45 105 44 4
1 3 14 46 106 40
1 3 46 32 47 106
1 3 106 47 16 48
1 3 40 106 48 10
1 3 10 48 107 51
1 3 48 16 49 107
1 3 107 49 33 50
1 3 51 107 50 19
1 3 16 52 108 49
1 3 52 5 53 108
1 3 108 53 17 54
1 3 49 108 54 33
1 3 33 54 109 57
1 3 54 17 55 109
1 3 109 55 1 56
1 3 57 109 56 18
1 3 19 50 110 59
1 3 50 33 57 110
1 3 110 57 18 58
1 3 59 110 58 6
1 3 4 44 111 62
1 3 44 15 60 111
1 3 111 60 34 61
1 3 62 111 61 13
1 3 15 41 112 60
1 3 41 10 51 112
1 3 112 51 19 63
1 3 60 112 63 34
1 3 34 63 113 65
1 3 63 19 59 113
1 3 113 59 6 64
1 3 65 113 64 20
1 3 13 61 114 67
1 3 61 34 65 114
1 3 114 65 20 66
1 3 67 114 66 3
1 3 3 66 115 70
1 3 66 20 68 115
1 3 115 68 35 69
1 3 70 115 69 23
1 3 20 64 116 68
1 3 64 6 71 116
1 3 116 71 21 72
1 3 68 116 72 35
1 3 35 72 117 75
1 3 72 21 73 117
1 3 117 73 11 74
1 3 75 117 74 22
1 3 23 69 118 77
1 3 69 35 75 118
1 3 118 75 22 76
1 3 77 118 76 9
1 3 6 58 119 71
1 3 58 18 78 119
1 3 119 78 36 79
1 3 71 119 79 21
1 3 18 56 120 78
1 3 56 1 80 120
1 3 120 80 24 81
1 3 78 120 81 36
1 3 36 81 121 84
1 3 81 24 82 121
1 3 121 82 7 83
1 3 84 121 83 25
1 3 21 79 122 73
1 3 79 36 84 122
1 3 122 84 25 85
1 3 73 122 85 11
1 3 11 85 123 88
1 3 85 25 86 123
1 3 123 86 37 87
1 3 88 123 87 28
1 3 25 83 124 86
1 3 83 7 89 124
1 3 124 89 26 90
1 3 86 124 90 37
1 3 37 90 125 93
1 3 90 26 91 125
1 3 125 91 0 92
1 3 93 125 92 27
1 3 28 87 126 95
1 3 87 37 93 126
1 3 126 93 27 94
1 3 95 126 94 8
1 3 9 76 127 98
1 3 76 22 96 127
1 3 127 96 38 97
1 3 98 127 97 30
1 3 22 74 128 96
1 3 74 11 88 128
1 3 128 88 28 99
1 3 96 128 99 38
1 3 38 99 129 101
1 3 99 28 95 129
1 3 129 95 8 100
1 3 101 129 100 29
1 3 30 97 130 103
1 3 97 38 101 130
1 3 130 101 29 102
1 3 103 130 102 2

boundary
44
1 1 1 80
1 1 80 24
1 1 24 82
1 1 82 7
1 1 7 89
1 1 89 26
1 1 26 91
1 1 91 0
1 1 0 92
1 1 92 27
1 1 27 94
1 1 94 8
1 1 8 100
1 1 100 29
1 1 29 102
1 1 102 2
1 1 5 53
1 1 53 17
1 1 17 55
1 1 55 1
5 1 4 45
5 1 62 4
5 1 3 67
5 1 12 43
5 1 39 14
5 1 14 46
5 1 52 5
5 1 47 16
5 1 70 3
5 1 9 77
5 1 98 9
5 1 2 103
5 1 45 12
5 1 13 62
5 1 67 13
5 1 23 70
5 1 77 23
5 1 30 98
5 1 103 30
5 1 43 31
5 1 31 39
5 1 46 32
5 1 16 52
5 1 32 47

vertices
131
2
1.30902 -0.951057
0.809019 -0.951057
1.15451 -0.475529
0.654509 -0.475529
0.4045085 -0.475529
0.559018 -0.951057
0.731764 -0.713293
1.0590195 -0.951057
1.231765 -0.713293
0.9045095 -0.475529
0.48176325 -0.713293
0.9817645 -0.713293
0.27950825 -0.475529
0.52950875 -0.475529
0.35676287 -0.713293
0.44313587 -0.594411
0.52039062 -0.832175
0.6840185 -0.951057
0.7703915 -0.832175
0.60676363 -0.713293
0.6931365 -0.594411
0.85676425 -0.713293
0.943137 -0.594411
0.77950925 -0.475529
0.93401925 -0.951057
1.020392 -0.832175
1.1840198 -0.951057
1.2703925 -0.832175
1.1067647 -0.713293
1.1931375 -0.594411
1.0295097 -0.475529
0.31813556 -0.594411
0.39539019 -0.832175
0.64539106 -0.832175
0.56813619 -0.594411
0.81813675 -0.594411
0.89539175 -0.832175
1.1453923 -0.832175
1.0681373 -0.594411
0.33744922 -0.653852
0.41926306 -0.713293
0.46244956 -0.653852
0.38063572 -0.594411
0.29882191 -0.53497
0.42382219 -0.53497
0.34200838 -0.475529
0.37607653 -0.772734
0.45789041 -0.832175
0.50107694 -0.772734
0.58289084 -0.832175
0.62607734 -0.772734
0.54426344 -0.713293
0.53970431 -0.891616
0.62151825 -0.951057
0.66470478 -0.891616
0.74651875 -0.951057
0.78970525 -0.891616
0.70789128 -0.832175
0.75107775 -0.772734
0.66926381 -0.713293
0.50563603 -0.594411
0.54882247 -0.53497
0.46700862 -0.475529
0.58744991 -0.653852
0.71245025 -0.653852
0.63063634 -0.594411
0.67382275 -0.53497
0.59200887 -0.475529
0.75563663 -0.594411
0.798823 -0.53497
0.71700913 -0.475529
0.79426413 -0.713293
0.8374505 -0.653852
0.91926438 -0.713293
0.96245075 -0.653852
0.88063688 -0.594411
0.92382325 -0.53497
0.84200937 -0.475529
0.83289163 -0.832175
0.876078 -0.772734
0.87151913 -0.951057
0.9147055 -0.891616
0.99651937 -0.951057
1.0397057 -0.891616
0.95789188 -0.832175
1.0010783 -0.772734
1.0828921 -0.832175
1.1260785 -0.772734
1.0442646 -0.713293
1.1215196 -0.951057
1.164706 -0.891616
1.2465199 -0.951057
1.2897063 -0.891616
1.2078924 -0.832175
1.2510788 -0.772734
1.1692649 -0.713293
1.0056371 -0.594411
1.0488235 -0.53497
0.96700962 -0.475529
1.087451 -0.653852
1.2124512 -0.653852
1.1306374 -0.594411
1.1738237 -0.53497
1.0920099 -0.475529
0.39994939 -0.653852
0.36132205 -0.53497
0.43857673 -0.772734
0.56357714 -0.772734
0.60220455 -0.891616
0.72720502 -0.891616
0.68857755 -0.772734
0.48632233 -0.53497
0.52494973 -0.653852
0.64995008 -0.653852
0.61132261 -0.53497
0.73632288 -0.53497
0.77495037 -0.653852
0.89995063 -0.653852
0.86132313 -0.53497
0.81357788 -0.772734
0.85220538 -0.891616
0.97720563 -0.891616
0.93857813 -0.772734
1.0635784 -0.772734
1.1022059 -0.891616
1.2272061 -0.891616
1.1885786 -0.772734
0.98632338 -0.53497
1.0249509 -0.653852
1.1499511 -0.653852
1.1113236 -0.53497
