MFEM mesh v1.0

#
# MFEM Geometry Types (see fem/geom.hpp):
#
# POINT       = 0
# SEGMENT     = 1
# TRIANGLE    = 2
# SQUARE      = 3
# TETRAHEDRON = 4
# CUBE        = 5
# PRISM       = 6
#

dimension
2

elements
108
1 3 31 39 104 42
1 3 39 13 40 104
1 3 104 40 10 41
1 3 42 104 41 14
1 3 32 43 105 46
1 3 43 15 44 105
1 3 105 44 5 45
1 3 46 105 45 16
1 3 13 47 106 40
1 3 47 32 46 106
1 3 106 46 16 48
1 3 40 106 48 10
1 3 10 48 107 51
1 3 48 16 49 107
1 3 107 49 33 50
1 3 51 107 50 19
1 3 16 45 108 49
1 3 45 5 52 108
1 3 108 52 17 53
1 3 49 108 53 33
1 3 33 53 109 56
1 3 53 17 54 109
1 3 109 54 1 55
1 3 56 109 55 18
1 3 19 50 110 58
1 3 50 33 56 110
1 3 110 56 18 57
1 3 58 110 57 6
1 3 4 59 111 62
1 3 59 14 60 111
1 3 111 60 34 61
1 3 62 111 61 12
1 3 14 41 112 60
1 3 41 10 51 112
1 3 112 51 19 63
1 3 60 112 63 34
1 3 34 63 113 65
1 3 63 19 58 113
1 3 113 58 6 64
1 3 65 113 64 20
1 3 12 61 114 67
1 3 61 34 65 114
1 3 114 65 20 66
1 3 67 114 66 3
1 3 3 66 115 70
1 3 66 20 68 115
1 3 115 68 35 69
1 3 70 115 69 23
1 3 20 64 116 68
1 3 64 6 71 116
1 3 116 71 21 72
1 3 68 116 72 35
1 3 35 72 117 75
1 3 72 21 73 117
1 3 117 73 11 74
1 3 75 117 74 22
1 3 23 69 118 77
1 3 69 35 75 118
1 3 118 75 22 76
1 3 77 118 76 9
1 3 6 57 119 71
1 3 57 18 78 119
1 3 119 78 36 79
1 3 71 119 79 21
1 3 18 55 120 78
1 3 55 1 80 120
1 3 120 80 24 81
1 3 78 120 81 36
1 3 36 81 121 84
1 3 81 24 82 121
1 3 121 82 7 83
1 3 84 121 83 25
1 3 21 79 122 73
1 3 79 36 84 122
1 3 122 84 25 85
1 3 73 122 85 11
1 3 11 85 123 88
1 3 85 25 86 123
1 3 123 86 37 87
1 3 88 123 87 28
1 3 25 83 124 86
1 3 83 7 89 124
1 3 124 89 26 90
1 3 86 124 90 37
1 3 37 90 125 93
1 3 90 26 91 125
1 3 125 91 0 92
1 3 93 125 92 27
1 3 28 87 126 95
1 3 87 37 93 126
1 3 126 93 27 94
1 3 95 126 94 8
1 3 9 76 127 98
1 3 76 22 96 127
1 3 127 96 38 97
1 3 98 127 97 30
1 3 22 74 128 96
1 3 74 11 88 128
1 3 128 88 28 99
1 3 96 128 99 38
1 3 38 99 129 101
1 3 99 28 95 129
1 3 129 95 8 100
1 3 101 129 100 29
1 3 30 97 130 103
1 3 97 38 101 130
1 3 130 101 29 102
1 3 103 130 102 2

boundary
44
1 1 1 80
1 1 80 24
1 1 24 82
1 1 82 7
1 1 7 89
1 1 89 26
1 1 26 91
1 1 91 0
1 1 0 92
1 1 92 27
1 1 27 94
1 1 94 8
1 1 8 100
1 1 100 29
1 1 29 102
1 1 102 2
1 1 15 44
1 1 44 5
1 1 5 52
1 1 52 17
1 1 17 54
1 1 54 1
10 1 62 4
10 1 3 67
10 1 39 13
10 1 14 42
10 1 4 59
10 1 13 47
10 1 43 15
10 1 70 3
10 1 9 77
10 1 98 9
10 1 2 103
10 1 12 62
10 1 67 12
10 1 23 70
10 1 77 23
10 1 30 98
10 1 103 30
10 1 31 39
10 1 42 31
10 1 59 14
10 1 47 32
10 1 32 43

vertices
131
2
-1.61803 0
-1.21352 0.293893
-1.21352 -0.293892
-0.809016 0
-0.606762 0.1469465
-1.0112685 0.440839
-1.011268 0.1469465
-1.415775 0.1469465
-1.415775 -0.146946
-1.011268 -0.146946
-0.80901525 0.29389275
-1.2135215 2.5e-07
-0.707889 0.07347325
-0.70788887 0.36736587
-0.70788862 0.22041963
-0.91014275 0.514312
-0.91014187 0.36736587
-1.1123942 0.367366
-1.112394 0.22041975
-0.91014162 0.22041963
-0.910142 0.07347325
-1.1123947 0.073473375
-1.1123947 -0.073472875
-0.910142 -0.073473
-1.3146475 0.22041975
-1.3146482 0.073473375
-1.5169025 0.07347325
-1.5169025 -0.073473
-1.3146482 -0.073472875
-1.3146475 -0.220419
-1.112394 -0.220419
-0.60676194 0.29389281
-0.80901581 0.44083894
-1.0112679 0.29389281
-0.80901531 0.14694644
-1.0112684 1.875e-07
-1.2135211 0.14694656
-1.4157754 1.875e-07
-1.2135211 -0.14694594
-0.65732541 0.33062934
-0.75845206 0.33062931
-0.75845194 0.25715619
-0.65732528 0.25715622
-0.85957928 0.47757547
-0.96070562 0.4775755
-0.96070519 0.40410244
-0.85957884 0.40410241
-0.75845234 0.40410241
-0.85957856 0.33062931
-0.96070491 0.33062934
-0.96070478 0.25715622
-0.85957844 0.25715619
-1.0618314 0.4041025
-1.0618311 0.33062941
-1.1629571 0.3306295
-1.162957 0.25715637
-1.061831 0.25715628
-1.061831 0.18368313
-0.96070481 0.18368306
-0.65732531 0.18368306
-0.75845197 0.18368303
-0.75845216 0.11020984
-0.6573255 0.11020988
-0.85957847 0.18368303
-0.960705 0.11020988
-0.85957866 0.11020984
-0.859579 0.036736625
-0.7584525 0.036736625
-0.96070519 0.036736719
-0.96070519 -0.036736406
-0.859579 -0.0367365
-1.0618314 0.11020994
-1.0618316 0.036736781
-1.1629581 0.036736813
-1.1629581 -0.036736312
-1.0618316 -0.036736344
-1.0618314 -0.11020944
-0.960705 -0.1102095
-1.1629576 0.18368316
-1.1629579 0.11020997
-1.2640837 0.25715637
-1.2640843 0.18368316
-1.3652112 0.18368313
-1.3652116 0.11020994
-1.2640847 0.11020997
-1.2640849 0.036736813
-1.3652118 0.036736781
-1.3652118 -0.036736344
-1.2640849 -0.036736312
-1.4663388 0.11020988
-1.4663389 0.036736719
-1.5674663 0.036736625
-1.5674663 -0.0367365
-1.4663389 -0.036736406
-1.4663388 -0.1102095
-1.3652116 -0.11020944
-1.1629579 -0.11020941
-1.1629576 -0.18368247
-1.061831 -0.1836825
-1.2640847 -0.11020941
-1.3652112 -0.1836825
-1.2640843 -0.18368247
-1.2640837 -0.2571555
-1.162957 -0.2571555
-0.70788867 0.29389277
-0.91014223 0.44083895
-0.80901545 0.36736586
-0.91014167 0.29389277
-1.0112681 0.36736592
-1.112394 0.29389289
-1.0112679 0.22041967
-0.70788873 0.14694645
-0.8090152 0.22041961
-0.91014173 0.14694645
-0.80901558 0.073473234
-0.91014209 1.09375e-07
-1.0112683 0.073473328
-1.1123948 2.34375e-07
-1.0112683 -0.073472922
-1.1123945 0.14694655
-1.2135207 0.22041977
-1.314648 0.14694655
-1.2135214 0.073473391
-1.3146483 2.34375e-07
-1.4157753 0.073473328
-1.5169026 1.09375e-07
-1.4157753 -0.073472922
-1.1123945 -0.14694595
-1.2135214 -0.073472859
-1.314648 -0.14694595
-1.2135207 -0.22041898
